55.635065 -4.363345
55.635092 -4.360900
55.635119 -4.358454
55.635146 -4.356008
55.635173 -4.353563
55.635200 -4.351117
55.635227 -4.348672
55.635254 -4.346226
55.635280 -4.343781
55.635307 -4.341335
55.635334 -4.338890
55.635361 -4.336444
55.635387 -4.333998
55.635414 -4.331553
55.635440 -4.329107
55.635467 -4.326662
55.635493 -4.324216
55.635520 -4.321771
55.635546 -4.319325
55.635572 -4.316879
55.635598 -4.314434
55.635625 -4.311988
55.635651 -4.309542
55.635677 -4.307097
55.635703 -4.304651
55.635729 -4.302206
55.635755 -4.299760
55.635781 -4.297314
55.635806 -4.294869
55.635832 -4.292423
55.635858 -4.289977
55.635884 -4.287532
55.635909 -4.285086
55.635935 -4.282640
55.635960 -4.280195
55.635986 -4.277749
55.636011 -4.275303
55.636037 -4.272858
55.636062 -4.270412
55.636087 -4.267966
55.636113 -4.265521
55.636138 -4.263075
55.636163 -4.260629
55.636188 -4.258184
55.636213 -4.255738
55.636238 -4.253292
55.636263 -4.250846
55.636288 -4.248401
55.636313 -4.245955
55.636338 -4.243509
55.636363 -4.241064
55.636387 -4.238618
55.636412 -4.236172
55.636437 -4.233726
55.636461 -4.231281
55.636486 -4.228835
55.636510 -4.226389
55.636535 -4.223943
55.636559 -4.221498
55.636583 -4.219052
55.636607 -4.216606
55.636632 -4.214160
55.636656 -4.211715
55.636680 -4.209269
55.636704 -4.206823
55.636728 -4.204377
55.636752 -4.201931
55.636776 -4.199486
55.636800 -4.197040
55.636824 -4.194594
55.636848 -4.192148
55.636871 -4.189702
55.636895 -4.187257
55.636919 -4.184811
55.636942 -4.182365
55.636448 -4.363393
55.636475 -4.360948
55.636502 -4.358502
55.636529 -4.356056
55.636556 -4.353611
55.636583 -4.351165
55.636610 -4.348719
55.636637 -4.346274
55.636664 -4.343828
55.636691 -4.341382
55.636717 -4.338937
55.636744 -4.336491
55.636771 -4.334045
55.636797 -4.331600
55.636824 -4.329154
55.636850 -4.326708
55.636877 -4.324263
55.636903 -4.321817
55.636929 -4.319371
55.636956 -4.316926
55.636982 -4.314480
55.637008 -4.312034
55.637034 -4.309589
55.637060 -4.307143
55.637086 -4.304697
55.637112 -4.302251
55.637138 -4.299806
55.637164 -4.297360
55.637190 -4.294914
55.637216 -4.292469
55.637241 -4.290023
55.637267 -4.287577
55.637293 -4.285131
55.637318 -4.282686
55.637344 -4.280240
55.637369 -4.277794
55.637395 -4.275348
55.637420 -4.272903
55.637446 -4.270457
55.637471 -4.268011
55.637496 -4.265565
55.637521 -4.263120
55.637546 -4.260674
55.637572 -4.258228
55.637597 -4.255782
55.637622 -4.253336
55.637647 -4.250891
55.637672 -4.248445
55.637696 -4.245999
55.637721 -4.243553
55.637746 -4.241107
55.637771 -4.238662
55.637795 -4.236216
55.637820 -4.233770
55.637845 -4.231324
55.637869 -4.228878
55.637894 -4.226432
55.637918 -4.223987
55.637942 -4.221541
55.637967 -4.219095
55.637991 -4.216649
55.638015 -4.214203
55.638039 -4.211757
55.638063 -4.209311
55.638088 -4.206866
55.638112 -4.204420
55.638136 -4.201974
55.638160 -4.199528
55.638183 -4.197082
55.638207 -4.194636
55.638231 -4.192190
55.638255 -4.189744
55.638278 -4.187299
55.638302 -4.184853
55.638326 -4.182407
55.637831 -4.363441
55.637858 -4.360995
55.637886 -4.358550
55.637913 -4.356104
55.637940 -4.353658
55.637967 -4.351213
55.637994 -4.348767
55.638020 -4.346321
55.638047 -4.343875
55.638074 -4.341430
55.638101 -4.338984
55.638127 -4.336538
55.638154 -4.334092
55.638181 -4.331647
55.638207 -4.329201
55.638234 -4.326755
55.638260 -4.324309
55.638286 -4.321864
55.638313 -4.319418
55.638339 -4.316972
55.638365 -4.314526
55.638391 -4.312081
55.638418 -4.309635
55.638444 -4.307189
55.638470 -4.304743
55.638496 -4.302297
55.638522 -4.299852
55.638547 -4.297406
55.638573 -4.294960
55.638599 -4.292514
55.638625 -4.290068
55.638650 -4.287622
55.638676 -4.285177
55.638702 -4.282731
55.638727 -4.280285
55.638753 -4.277839
55.638778 -4.275393
55.638804 -4.272947
55.638829 -4.270502
55.638854 -4.268056
55.638880 -4.265610
55.638905 -4.263164
55.638930 -4.260718
55.638955 -4.258272
55.638980 -4.255826
55.639005 -4.253381
55.639030 -4.250935
55.639055 -4.248489
55.639080 -4.246043
55.639105 -4.243597
55.639129 -4.241151
55.639154 -4.238705
55.639179 -4.236259
55.639203 -4.233813
55.639228 -4.231367
55.639253 -4.228922
55.639277 -4.226476
55.639301 -4.224030
55.639326 -4.221584
55.639350 -4.219138
55.639374 -4.216692
55.639399 -4.214246
55.639423 -4.211800
55.639447 -4.209354
55.639471 -4.206908
55.639495 -4.204462
55.639519 -4.202016
55.639543 -4.199570
55.639567 -4.197124
55.639591 -4.194678
55.639615 -4.192232
55.639638 -4.189786
55.639662 -4.187340
55.639686 -4.184894
55.639709 -4.182448
55.639215 -4.363489
55.639242 -4.361043
55.639269 -4.358598
55.639296 -4.356152
55.639323 -4.353706
55.639350 -4.351260
55.639377 -4.348814
55.639404 -4.346369
55.639431 -4.343923
55.639457 -4.341477
55.639484 -4.339031
55.639511 -4.336585
55.639537 -4.334140
55.639564 -4.331694
55.639590 -4.329248
55.639617 -4.326802
55.639643 -4.324356
55.639670 -4.321910
55.639696 -4.319464
55.639722 -4.317019
55.639749 -4.314573
55.639775 -4.312127
55.639801 -4.309681
55.639827 -4.307235
55.639853 -4.304789
55.639879 -4.302343
55.639905 -4.299897
55.639931 -4.297451
55.639957 -4.295006
55.639982 -4.292560
55.640008 -4.290114
55.640034 -4.287668
55.640060 -4.285222
55.640085 -4.282776
55.640111 -4.280330
55.640136 -4.277884
55.640162 -4.275438
55.640187 -4.272992
55.640212 -4.270546
55.640238 -4.268100
55.640263 -4.265654
55.640288 -4.263209
55.640313 -4.260763
55.640338 -4.258317
55.640364 -4.255871
55.640389 -4.253425
55.640413 -4.250979
55.640438 -4.248533
55.640463 -4.246087
55.640488 -4.243641
55.640513 -4.241195
55.640538 -4.238749
55.640562 -4.236303
55.640587 -4.233857
55.640611 -4.231411
55.640636 -4.228965
55.640660 -4.226519
55.640685 -4.224073
55.640709 -4.221627
55.640734 -4.219181
55.640758 -4.216735
55.640782 -4.214289
55.640806 -4.211843
55.640830 -4.209397
55.640854 -4.206951
55.640879 -4.204505
55.640903 -4.202059
55.640926 -4.199612
55.640950 -4.197166
55.640974 -4.194720
55.640998 -4.192274
55.641022 -4.189828
55.641045 -4.187382
55.641069 -4.184936
55.641093 -4.182490
55.640598 -4.363537
55.640625 -4.361091
55.640652 -4.358646
55.640679 -4.356200
55.640706 -4.353754
55.640733 -4.351308
55.640760 -4.348862
55.640787 -4.346416
55.640814 -4.343970
55.640841 -4.341524
55.640867 -4.339078
55.640894 -4.336632
55.640921 -4.334187
55.640947 -4.331741
55.640974 -4.329295
55.641000 -4.326849
55.641027 -4.324403
55.641053 -4.321957
55.641079 -4.319511
55.641106 -4.317065
55.641132 -4.314619
55.641158 -4.312173
55.641184 -4.309727
55.641210 -4.307281
55.641236 -4.304835
55.641262 -4.302389
55.641288 -4.299943
55.641314 -4.297497
55.641340 -4.295051
55.641366 -4.292605
55.641392 -4.290159
55.641417 -4.287713
55.641443 -4.285267
55.641469 -4.282821
55.641494 -4.280375
55.641520 -4.277929
55.641545 -4.275483
55.641570 -4.273037
55.641596 -4.270591
55.641621 -4.268145
55.641646 -4.265699
55.641672 -4.263253
55.641697 -4.260807
55.641722 -4.258361
55.641747 -4.255915
55.641772 -4.253469
55.641797 -4.251023
55.641822 -4.248577
55.641847 -4.246131
55.641872 -4.243685
55.641896 -4.241239
55.641921 -4.238792
55.641946 -4.236346
55.641970 -4.233900
55.641995 -4.231454
55.642019 -4.229008
55.642044 -4.226562
55.642068 -4.224116
55.642093 -4.221670
55.642117 -4.219224
55.642141 -4.216778
55.642166 -4.214332
55.642190 -4.211885
55.642214 -4.209439
55.642238 -4.206993
55.642262 -4.204547
55.642286 -4.202101
55.642310 -4.199655
55.642334 -4.197209
55.642358 -4.194763
55.642381 -4.192316
55.642405 -4.189870
55.642429 -4.187424
55.642453 -4.184978
55.642476 -4.182532
55.641981 -4.363585
55.642009 -4.361139
55.642036 -4.358693
55.642063 -4.356247
55.642090 -4.353801
55.642117 -4.351356
55.642144 -4.348910
55.642171 -4.346464
55.642197 -4.344018
55.642224 -4.341572
55.642251 -4.339126
55.642278 -4.336680
55.642304 -4.334234
55.642331 -4.331788
55.642357 -4.329342
55.642384 -4.326896
55.642410 -4.324449
55.642437 -4.322003
55.642463 -4.319557
55.642489 -4.317111
55.642515 -4.314665
55.642542 -4.312219
55.642568 -4.309773
55.642594 -4.307327
55.642620 -4.304881
55.642646 -4.302435
55.642672 -4.299989
55.642698 -4.297543
55.642723 -4.295097
55.642749 -4.292651
55.642775 -4.290205
55.642801 -4.287759
55.642826 -4.285313
55.642852 -4.282866
55.642878 -4.280420
55.642903 -4.277974
55.642928 -4.275528
55.642954 -4.273082
55.642979 -4.270636
55.643005 -4.268190
55.643030 -4.265744
55.643055 -4.263298
55.643080 -4.260851
55.643105 -4.258405
55.643130 -4.255959
55.643155 -4.253513
55.643180 -4.251067
55.643205 -4.248621
55.643230 -4.246175
55.643255 -4.243728
55.643280 -4.241282
55.643304 -4.238836
55.643329 -4.236390
55.643354 -4.233944
55.643378 -4.231498
55.643403 -4.229051
55.643427 -4.226605
55.643452 -4.224159
55.643476 -4.221713
55.643500 -4.219267
55.643525 -4.216821
55.643549 -4.214374
55.643573 -4.211928
55.643597 -4.209482
55.643621 -4.207036
55.643645 -4.204590
55.643669 -4.202143
55.643693 -4.199697
55.643717 -4.197251
55.643741 -4.194805
55.643765 -4.192358
55.643789 -4.189912
55.643812 -4.187466
55.643836 -4.185020
55.643860 -4.182573
55.643365 -4.363633
55.643392 -4.361187
55.643419 -4.358741
55.643446 -4.356295
55.643473 -4.353849
55.643500 -4.351403
55.643527 -4.348957
55.643554 -4.346511
55.643581 -4.344065
55.643608 -4.341619
55.643634 -4.339173
55.643661 -4.336727
55.643688 -4.334281
55.643714 -4.331834
55.643741 -4.329388
55.643767 -4.326942
55.643794 -4.324496
55.643820 -4.322050
55.643846 -4.319604
55.643873 -4.317158
55.643899 -4.314712
55.643925 -4.312266
55.643951 -4.309819
55.643977 -4.307373
55.644003 -4.304927
55.644029 -4.302481
55.644055 -4.300035
55.644081 -4.297589
55.644107 -4.295143
55.644133 -4.292696
55.644158 -4.290250
55.644184 -4.287804
55.644210 -4.285358
55.644235 -4.282912
55.644261 -4.280466
55.644286 -4.278019
55.644312 -4.275573
55.644337 -4.273127
55.644363 -4.270681
55.644388 -4.268235
55.644413 -4.265788
55.644438 -4.263342
55.644464 -4.260896
55.644489 -4.258450
55.644514 -4.256003
55.644539 -4.253557
55.644564 -4.251111
55.644589 -4.248665
55.644614 -4.246219
55.644638 -4.243772
55.644663 -4.241326
55.644688 -4.238880
55.644713 -4.236434
55.644737 -4.233987
55.644762 -4.231541
55.644786 -4.229095
55.644811 -4.226649
55.644835 -4.224202
55.644860 -4.221756
55.644884 -4.219310
55.644908 -4.216863
55.644932 -4.214417
55.644957 -4.211971
55.644981 -4.209525
55.645005 -4.207078
55.645029 -4.204632
55.645053 -4.202186
55.645077 -4.199739
55.645101 -4.197293
55.645125 -4.194847
55.645148 -4.192400
55.645172 -4.189954
55.645196 -4.187508
55.645219 -4.185061
55.645243 -4.182615
55.644748 -4.363682
55.644775 -4.361235
55.644802 -4.358789
55.644830 -4.356343
55.644857 -4.353897
55.644884 -4.351451
55.644910 -4.349005
55.644937 -4.346558
55.644964 -4.344112
55.644991 -4.341666
55.645018 -4.339220
55.645044 -4.336774
55.645071 -4.334328
55.645098 -4.331881
55.645124 -4.329435
55.645151 -4.326989
55.645177 -4.324543
55.645203 -4.322097
55.645230 -4.319650
55.645256 -4.317204
55.645282 -4.314758
55.645308 -4.312312
55.645335 -4.309866
55.645361 -4.307419
55.645387 -4.304973
55.645413 -4.302527
55.645439 -4.300081
55.645464 -4.297634
55.645490 -4.295188
55.645516 -4.292742
55.645542 -4.290296
55.645568 -4.287849
55.645593 -4.285403
55.645619 -4.282957
55.645644 -4.280511
55.645670 -4.278064
55.645695 -4.275618
55.645721 -4.273172
55.645746 -4.270726
55.645771 -4.268279
55.645797 -4.265833
55.645822 -4.263387
55.645847 -4.260940
55.645872 -4.258494
55.645897 -4.256048
55.645922 -4.253601
55.645947 -4.251155
55.645972 -4.248709
55.645997 -4.246262
55.646022 -4.243816
55.646047 -4.241370
55.646071 -4.238924
55.646096 -4.236477
55.646121 -4.234031
55.646145 -4.231584
55.646170 -4.229138
55.646194 -4.226692
55.646219 -4.224245
55.646243 -4.221799
55.646267 -4.219353
55.646292 -4.216906
55.646316 -4.214460
55.646340 -4.212014
55.646364 -4.209567
55.646388 -4.207121
55.646412 -4.204674
55.646436 -4.202228
55.646460 -4.199782
55.646484 -4.197335
55.646508 -4.194889
55.646532 -4.192442
55.646556 -4.189996
55.646579 -4.187550
55.646603 -4.185103
55.646627 -4.182657
55.646132 -4.363730
55.646159 -4.361283
55.646186 -4.358837
55.646213 -4.356391
55.646240 -4.353945
55.646267 -4.351498
55.646294 -4.349052
55.646321 -4.346606
55.646348 -4.344160
55.646374 -4.341713
55.646401 -4.339267
55.646428 -4.336821
55.646454 -4.334375
55.646481 -4.331928
55.646507 -4.329482
55.646534 -4.327036
55.646560 -4.324590
55.646587 -4.322143
55.646613 -4.319697
55.646639 -4.317251
55.646666 -4.314804
55.646692 -4.312358
55.646718 -4.309912
55.646744 -4.307465
55.646770 -4.305019
55.646796 -4.302573
55.646822 -4.300127
55.646848 -4.297680
55.646874 -4.295234
55.646900 -4.292788
55.646925 -4.290341
55.646951 -4.287895
55.646977 -4.285449
55.647002 -4.283002
55.647028 -4.280556
55.647053 -4.278109
55.647079 -4.275663
55.647104 -4.273217
55.647130 -4.270770
55.647155 -4.268324
55.647180 -4.265878
55.647205 -4.263431
55.647230 -4.260985
55.647256 -4.258538
55.647281 -4.256092
55.647306 -4.253646
55.647331 -4.251199
55.647356 -4.248753
55.647380 -4.246306
55.647405 -4.243860
55.647430 -4.241414
55.647455 -4.238967
55.647479 -4.236521
55.647504 -4.234074
55.647529 -4.231628
55.647553 -4.229181
55.647578 -4.226735
55.647602 -4.224289
55.647626 -4.221842
55.647651 -4.219396
55.647675 -4.216949
55.647699 -4.214503
55.647724 -4.212056
55.647748 -4.209610
55.647772 -4.207163
55.647796 -4.204717
55.647820 -4.202270
55.647844 -4.199824
55.647868 -4.197377
55.647891 -4.194931
55.647915 -4.192485
55.647939 -4.190038
55.647963 -4.187592
55.647986 -4.185145
55.648010 -4.182699
55.647515 -4.363778
55.647542 -4.361331
55.647569 -4.358885
55.647596 -4.356439
55.647623 -4.353992
55.647650 -4.351546
55.647677 -4.349100
55.647704 -4.346653
55.647731 -4.344207
55.647758 -4.341761
55.647784 -4.339314
55.647811 -4.336868
55.647838 -4.334422
55.647864 -4.331975
55.647891 -4.329529
55.647917 -4.327083
55.647944 -4.324636
55.647970 -4.322190
55.647996 -4.319744
55.648023 -4.317297
55.648049 -4.314851
55.648075 -4.312404
55.648101 -4.309958
55.648127 -4.307512
55.648153 -4.305065
55.648179 -4.302619
55.648205 -4.300172
55.648231 -4.297726
55.648257 -4.295280
55.648283 -4.292833
55.648309 -4.290387
55.648334 -4.287940
55.648360 -4.285494
55.648386 -4.283047
55.648411 -4.280601
55.648437 -4.278155
55.648462 -4.275708
55.648488 -4.273262
55.648513 -4.270815
55.648538 -4.268369
55.648564 -4.265922
55.648589 -4.263476
55.648614 -4.261029
55.648639 -4.258583
55.648664 -4.256136
55.648689 -4.253690
55.648714 -4.251243
55.648739 -4.248797
55.648764 -4.246350
55.648789 -4.243904
55.648813 -4.241457
55.648838 -4.239011
55.648863 -4.236564
55.648887 -4.234118
55.648912 -4.231671
55.648937 -4.229225
55.648961 -4.226778
55.648986 -4.224332
55.649010 -4.221885
55.649034 -4.219439
55.649059 -4.216992
55.649083 -4.214546
55.649107 -4.212099
55.649131 -4.209653
55.649155 -4.207206
55.649179 -4.204759
55.649203 -4.202313
55.649227 -4.199866
55.649251 -4.197420
55.649275 -4.194973
55.649299 -4.192527
55.649322 -4.190080
55.649346 -4.187633
55.649370 -4.185187
55.649393 -4.182740
55.648898 -4.363826
55.648925 -4.361379
55.648953 -4.358933
55.648980 -4.356487
55.649007 -4.354040
55.649034 -4.351594
55.649061 -4.349147
55.649087 -4.346701
55.649114 -4.344254
55.649141 -4.341808
55.649168 -4.339362
55.649194 -4.336915
55.649221 -4.334469
55.649248 -4.332022
55.649274 -4.329576
55.649301 -4.327129
55.649327 -4.324683
55.649354 -4.322237
55.649380 -4.319790
55.649406 -4.317344
55.649432 -4.314897
55.649459 -4.312451
55.649485 -4.310004
55.649511 -4.307558
55.649537 -4.305111
55.649563 -4.302665
55.649589 -4.300218
55.649615 -4.297772
55.649641 -4.295325
55.649666 -4.292879
55.649692 -4.290432
55.649718 -4.287986
55.649743 -4.285539
55.649769 -4.283093
55.649795 -4.280646
55.649820 -4.278200
55.649846 -4.275753
55.649871 -4.273306
55.649896 -4.270860
55.649922 -4.268413
55.649947 -4.265967
55.649972 -4.263520
55.649997 -4.261074
55.650022 -4.258627
55.650048 -4.256181
55.650073 -4.253734
55.650097 -4.251287
55.650122 -4.248841
55.650147 -4.246394
55.650172 -4.243948
55.650197 -4.241501
55.650222 -4.239055
55.650246 -4.236608
55.650271 -4.234161
55.650296 -4.231715
55.650320 -4.229268
55.650345 -4.226822
55.650369 -4.224375
55.650393 -4.221928
55.650418 -4.219482
55.650442 -4.217035
55.650466 -4.214588
55.650490 -4.212142
55.650515 -4.209695
55.650539 -4.207249
55.650563 -4.204802
55.650587 -4.202355
55.650611 -4.199909
55.650635 -4.197462
55.650658 -4.195015
55.650682 -4.192569
55.650706 -4.190122
55.650730 -4.187675
55.650753 -4.185229
55.650777 -4.182782
55.650282 -4.363874
55.650309 -4.361427
55.650336 -4.358981
55.650363 -4.356534
55.650390 -4.354088
55.650417 -4.351641
55.650444 -4.349195
55.650471 -4.346748
55.650498 -4.344302
55.650524 -4.341855
55.650551 -4.339409
55.650578 -4.336962
55.650604 -4.334516
55.650631 -4.332069
55.650658 -4.329623
55.650684 -4.327176
55.650711 -4.324730
55.650737 -4.322283
55.650763 -4.319837
55.650790 -4.317390
55.650816 -4.314943
55.650842 -4.312497
55.650868 -4.310050
55.650894 -4.307604
55.650920 -4.305157
55.650946 -4.302711
55.650972 -4.300264
55.650998 -4.297817
55.651024 -4.295371
55.651050 -4.292924
55.651075 -4.290478
55.651101 -4.288031
55.651127 -4.285584
55.651152 -4.283138
55.651178 -4.280691
55.651204 -4.278245
55.651229 -4.275798
55.651254 -4.273351
55.651280 -4.270905
55.651305 -4.268458
55.651330 -4.266012
55.651356 -4.263565
55.651381 -4.261118
55.651406 -4.258672
55.651431 -4.256225
55.651456 -4.253778
55.651481 -4.251332
55.651506 -4.248885
55.651531 -4.246438
55.651556 -4.243992
55.651580 -4.241545
55.651605 -4.239098
55.651630 -4.236652
55.651654 -4.234205
55.651679 -4.231758
55.651703 -4.229311
55.651728 -4.226865
55.651752 -4.224418
55.651777 -4.221971
55.651801 -4.219525
55.651825 -4.217078
55.651850 -4.214631
55.651874 -4.212185
55.651898 -4.209738
55.651922 -4.207291
55.651946 -4.204844
55.651970 -4.202398
55.651994 -4.199951
55.652018 -4.197504
55.652042 -4.195057
55.652066 -4.192611
55.652089 -4.190164
55.652113 -4.187717
55.652137 -4.185270
55.652160 -4.182824
55.651665 -4.363922
55.651692 -4.361475
55.651719 -4.359029
55.651746 -4.356582
55.651773 -4.354136
55.651800 -4.351689
55.651827 -4.349242
55.651854 -4.346796
55.651881 -4.344349
55.651908 -4.341903
55.651935 -4.339456
55.651961 -4.337009
55.651988 -4.334563
55.652014 -4.332116
55.652041 -4.329670
55.652067 -4.327223
55.652094 -4.324776
55.652120 -4.322330
55.652147 -4.319883
55.652173 -4.317436
55.652199 -4.314990
55.652225 -4.312543
55.652252 -4.310097
55.652278 -4.307650
55.652304 -4.305203
55.652330 -4.302757
55.652356 -4.300310
55.652381 -4.297863
55.652407 -4.295417
55.652433 -4.292970
55.652459 -4.290523
55.652485 -4.288077
55.652510 -4.285630
55.652536 -4.283183
55.652561 -4.280736
55.652587 -4.278290
55.652612 -4.275843
55.652638 -4.273396
55.652663 -4.270950
55.652689 -4.268503
55.652714 -4.266056
55.652739 -4.263609
55.652764 -4.261163
55.652789 -4.258716
55.652814 -4.256269
55.652839 -4.253822
55.652864 -4.251376
55.652889 -4.248929
55.652914 -4.246482
55.652939 -4.244035
55.652964 -4.241589
55.652989 -4.239142
55.653013 -4.236695
55.653038 -4.234248
55.653062 -4.231802
55.653087 -4.229355
55.653111 -4.226908
55.653136 -4.224461
55.653160 -4.222014
55.653185 -4.219568
55.653209 -4.217121
55.653233 -4.214674
55.653257 -4.212227
55.653281 -4.209780
55.653306 -4.207334
55.653330 -4.204887
55.653354 -4.202440
55.653378 -4.199993
55.653401 -4.197546
55.653425 -4.195100
55.653449 -4.192653
55.653473 -4.190206
55.653497 -4.187759
55.653520 -4.185312
55.653544 -4.182865
55.653048 -4.363970
55.653076 -4.361523
55.653103 -4.359077
55.653130 -4.356630
55.653157 -4.354183
55.653184 -4.351737
55.653211 -4.349290
55.653238 -4.346843
55.653264 -4.344397
55.653291 -4.341950
55.653318 -4.339503
55.653345 -4.337057
55.653371 -4.334610
55.653398 -4.332163
55.653424 -4.329717
55.653451 -4.327270
55.653477 -4.324823
55.653504 -4.322376
55.653530 -4.319930
55.653556 -4.317483
55.653583 -4.315036
55.653609 -4.312589
55.653635 -4.310143
55.653661 -4.307696
55.653687 -4.305249
55.653713 -4.302803
55.653739 -4.300356
55.653765 -4.297909
55.653791 -4.295462
55.653817 -4.293015
55.653842 -4.290569
55.653868 -4.288122
55.653894 -4.285675
55.653919 -4.283228
55.653945 -4.280782
55.653970 -4.278335
55.653996 -4.275888
55.654021 -4.273441
55.654047 -4.270994
55.654072 -4.268548
55.654097 -4.266101
55.654122 -4.263654
55.654148 -4.261207
55.654173 -4.258760
55.654198 -4.256314
55.654223 -4.253867
55.654248 -4.251420
55.654273 -4.248973
55.654298 -4.246526
55.654322 -4.244079
55.654347 -4.241632
55.654372 -4.239186
55.654397 -4.236739
55.654421 -4.234292
55.654446 -4.231845
55.654470 -4.229398
55.654495 -4.226951
55.654519 -4.224504
55.654544 -4.222058
55.654568 -4.219611
55.654592 -4.217164
55.654617 -4.214717
55.654641 -4.212270
55.654665 -4.209823
55.654689 -4.207376
55.654713 -4.204929
55.654737 -4.202482
55.654761 -4.200036
55.654785 -4.197589
55.654809 -4.195142
55.654833 -4.192695
55.654856 -4.190248
55.654880 -4.187801
55.654904 -4.185354
55.654927 -4.182907
55.654432 -4.364018
55.654459 -4.361571
55.654486 -4.359125
55.654513 -4.356678
55.654540 -4.354231
55.654567 -4.351784
55.654594 -4.349338
55.654621 -4.346891
55.654648 -4.344444
55.654675 -4.341997
55.654701 -4.339551
55.654728 -4.337104
55.654755 -4.334657
55.654781 -4.332210
55.654808 -4.329763
55.654834 -4.327317
55.654861 -4.324870
55.654887 -4.322423
55.654913 -4.319976
55.654940 -4.317529
55.654966 -4.315083
55.654992 -4.312636
55.655018 -4.310189
55.655044 -4.307742
55.655070 -4.305295
55.655096 -4.302848
55.655122 -4.300402
55.655148 -4.297955
55.655174 -4.295508
55.655200 -4.293061
55.655226 -4.290614
55.655251 -4.288167
55.655277 -4.285720
55.655303 -4.283274
55.655328 -4.280827
55.655354 -4.278380
55.655379 -4.275933
55.655405 -4.273486
55.655430 -4.271039
55.655455 -4.268592
55.655481 -4.266145
55.655506 -4.263699
55.655531 -4.261252
55.655556 -4.258805
55.655581 -4.256358
55.655606 -4.253911
55.655631 -4.251464
55.655656 -4.249017
55.655681 -4.246570
55.655706 -4.244123
55.655731 -4.241676
55.655755 -4.239229
55.655780 -4.236782
55.655805 -4.234335
55.655829 -4.231889
55.655854 -4.229442
55.655878 -4.226995
55.655903 -4.224548
55.655927 -4.222101
55.655951 -4.219654
55.655976 -4.217207
55.656000 -4.214760
55.656024 -4.212313
55.656048 -4.209866
55.656072 -4.207419
55.656097 -4.204972
55.656121 -4.202525
55.656144 -4.200078
55.656168 -4.197631
55.656192 -4.195184
55.656216 -4.192737
55.656240 -4.190290
55.656264 -4.187843
55.656287 -4.185396
55.656311 -4.182949
55.655815 -4.364066
55.655842 -4.361619
55.655869 -4.359173
55.655897 -4.356726
55.655924 -4.354279
55.655951 -4.351832
55.655977 -4.349385
55.656004 -4.346938
55.656031 -4.344492
55.656058 -4.342045
55.656085 -4.339598
55.656111 -4.337151
55.656138 -4.334704
55.656165 -4.332257
55.656191 -4.329810
55.656218 -4.327363
55.656244 -4.324917
55.656270 -4.322470
55.656297 -4.320023
55.656323 -4.317576
55.656349 -4.315129
55.656376 -4.312682
55.656402 -4.310235
55.656428 -4.307788
55.656454 -4.305341
55.656480 -4.302894
55.656506 -4.300447
55.656532 -4.298001
55.656558 -4.295554
55.656583 -4.293107
55.656609 -4.290660
55.656635 -4.288213
55.656661 -4.285766
55.656686 -4.283319
55.656712 -4.280872
55.656737 -4.278425
55.656763 -4.275978
55.656788 -4.273531
55.656813 -4.271084
55.656839 -4.268637
55.656864 -4.266190
55.656889 -4.263743
55.656914 -4.261296
55.656940 -4.258849
55.656965 -4.256402
55.656990 -4.253955
55.657015 -4.251508
55.657040 -4.249061
55.657064 -4.246614
55.657089 -4.244167
55.657114 -4.241720
55.657139 -4.239273
55.657163 -4.236826
55.657188 -4.234379
55.657213 -4.231932
55.657237 -4.229485
55.657262 -4.227038
55.657286 -4.224591
55.657311 -4.222144
55.657335 -4.219697
55.657359 -4.217250
55.657383 -4.214803
55.657408 -4.212356
55.657432 -4.209908
55.657456 -4.207461
55.657480 -4.205014
55.657504 -4.202567
55.657528 -4.200120
55.657552 -4.197673
55.657576 -4.195226
55.657600 -4.192779
55.657623 -4.190332
55.657647 -4.187885
55.657671 -4.185438
55.657694 -4.182990
55.657199 -4.364114
55.657226 -4.361667
55.657253 -4.359221
55.657280 -4.356774
55.657307 -4.354327
55.657334 -4.351880
55.657361 -4.349433
55.657388 -4.346986
55.657415 -4.344539
55.657441 -4.342092
55.657468 -4.339645
55.657495 -4.337198
55.657521 -4.334751
55.657548 -4.332304
55.657575 -4.329857
55.657601 -4.327410
55.657627 -4.324963
55.657654 -4.322516
55.657680 -4.320069
55.657706 -4.317622
55.657733 -4.315175
55.657759 -4.312728
55.657785 -4.310281
55.657811 -4.307834
55.657837 -4.305387
55.657863 -4.302940
55.657889 -4.300493
55.657915 -4.298046
55.657941 -4.295599
55.657967 -4.293152
55.657993 -4.290705
55.658018 -4.288258
55.658044 -4.285811
55.658070 -4.283364
55.658095 -4.280917
55.658121 -4.278470
55.658146 -4.276023
55.658171 -4.273576
55.658197 -4.271129
55.658222 -4.268682
55.658247 -4.266235
55.658273 -4.263788
55.658298 -4.261341
55.658323 -4.258894
55.658348 -4.256446
55.658373 -4.253999
55.658398 -4.251552
55.658423 -4.249105
55.658448 -4.246658
55.658473 -4.244211
55.658498 -4.241764
55.658522 -4.239317
55.658547 -4.236870
55.658572 -4.234423
55.658596 -4.231975
55.658621 -4.229528
55.658645 -4.227081
55.658670 -4.224634
55.658694 -4.222187
55.658718 -4.219740
55.658743 -4.217293
55.658767 -4.214845
55.658791 -4.212398
55.658815 -4.209951
55.658839 -4.207504
55.658863 -4.205057
55.658887 -4.202610
55.658911 -4.200162
55.658935 -4.197715
55.658959 -4.195268
55.658983 -4.192821
55.659007 -4.190374
55.659030 -4.187927
55.659054 -4.185479
55.659078 -4.183032
55.658582 -4.364162
55.658609 -4.361715
55.658636 -4.359268
55.658663 -4.356821
55.658690 -4.354374
55.658717 -4.351927
55.658744 -4.349480
55.658771 -4.347033
55.658798 -4.344586
55.658825 -4.342139
55.658851 -4.339692
55.658878 -4.337245
55.658905 -4.334798
55.658931 -4.332351
55.658958 -4.329904
55.658984 -4.327457
55.659011 -4.325010
55.659037 -4.322563
55.659064 -4.320116
55.659090 -4.317669
55.659116 -4.315222
55.659142 -4.312775
55.659168 -4.310328
55.659195 -4.307880
55.659221 -4.305433
55.659247 -4.302986
55.659273 -4.300539
55.659299 -4.298092
55.659324 -4.295645
55.659350 -4.293198
55.659376 -4.290751
55.659402 -4.288304
55.659427 -4.285857
55.659453 -4.283409
55.659479 -4.280962
55.659504 -4.278515
55.659529 -4.276068
55.659555 -4.273621
55.659580 -4.271174
55.659606 -4.268727
55.659631 -4.266279
55.659656 -4.263832
55.659681 -4.261385
55.659706 -4.258938
55.659731 -4.256491
55.659757 -4.254044
55.659782 -4.251596
55.659806 -4.249149
55.659831 -4.246702
55.659856 -4.244255
55.659881 -4.241808
55.659906 -4.239360
55.659930 -4.236913
55.659955 -4.234466
55.659980 -4.232019
55.660004 -4.229572
55.660029 -4.227124
55.660053 -4.224677
55.660077 -4.222230
55.660102 -4.219783
55.660126 -4.217336
55.660150 -4.214888
55.660175 -4.212441
55.660199 -4.209994
55.660223 -4.207547
55.660247 -4.205099
55.660271 -4.202652
55.660295 -4.200205
55.660319 -4.197758
55.660343 -4.195310
55.660366 -4.192863
55.660390 -4.190416
55.660414 -4.187968
55.660438 -4.185521
55.660461 -4.183074
55.659965 -4.364211
55.659992 -4.361763
55.660020 -4.359316
55.660047 -4.356869
55.660074 -4.354422
55.660101 -4.351975
55.660128 -4.349528
55.660154 -4.347081
55.660181 -4.344634
55.660208 -4.342187
55.660235 -4.339740
55.660262 -4.337292
55.660288 -4.334845
55.660315 -4.332398
55.660341 -4.329951
55.660368 -4.327504
55.660394 -4.325057
55.660421 -4.322610
55.660447 -4.320162
55.660473 -4.317715
55.660500 -4.315268
55.660526 -4.312821
55.660552 -4.310374
55.660578 -4.307927
55.660604 -4.305479
55.660630 -4.303032
55.660656 -4.300585
55.660682 -4.298138
55.660708 -4.295691
55.660734 -4.293244
55.660759 -4.290796
55.660785 -4.288349
55.660811 -4.285902
55.660836 -4.283455
55.660862 -4.281007
55.660887 -4.278560
55.660913 -4.276113
55.660938 -4.273666
55.660964 -4.271219
55.660989 -4.268771
55.661014 -4.266324
55.661040 -4.263877
55.661065 -4.261430
55.661090 -4.258982
55.661115 -4.256535
55.661140 -4.254088
55.661165 -4.251641
55.661190 -4.249193
55.661215 -4.246746
55.661240 -4.244299
55.661264 -4.241851
55.661289 -4.239404
55.661314 -4.236957
55.661338 -4.234510
55.661363 -4.232062
55.661388 -4.229615
55.661412 -4.227168
55.661437 -4.224720
55.661461 -4.222273
55.661485 -4.219826
55.661510 -4.217378
55.661534 -4.214931
55.661558 -4.212484
55.661582 -4.210037
55.661606 -4.207589
55.661630 -4.205142
55.661654 -4.202695
55.661678 -4.200247
55.661702 -4.197800
55.661726 -4.195352
55.661750 -4.192905
55.661774 -4.190458
55.661797 -4.188010
55.661821 -4.185563
55.661845 -4.183116
55.661349 -4.364259
55.661376 -4.361812
55.661403 -4.359364
55.661430 -4.356917
55.661457 -4.354470
55.661484 -4.352023
55.661511 -4.349576
55.661538 -4.347128
55.661565 -4.344681
55.661591 -4.342234
55.661618 -4.339787
55.661645 -4.337340
55.661672 -4.334892
55.661698 -4.332445
55.661725 -4.329998
55.661751 -4.327551
55.661778 -4.325103
55.661804 -4.322656
55.661830 -4.320209
55.661857 -4.317762
55.661883 -4.315315
55.661909 -4.312867
55.661935 -4.310420
55.661961 -4.307973
55.661987 -4.305525
55.662013 -4.303078
55.662039 -4.300631
55.662065 -4.298184
55.662091 -4.295736
55.662117 -4.293289
55.662143 -4.290842
55.662168 -4.288395
55.662194 -4.285947
55.662220 -4.283500
55.662245 -4.281053
55.662271 -4.278605
55.662296 -4.276158
55.662322 -4.273711
55.662347 -4.271263
55.662372 -4.268816
55.662398 -4.266369
55.662423 -4.263921
55.662448 -4.261474
55.662473 -4.259027
55.662498 -4.256579
55.662523 -4.254132
55.662548 -4.251685
55.662573 -4.249237
55.662598 -4.246790
55.662623 -4.244343
55.662648 -4.241895
55.662673 -4.239448
55.662697 -4.237001
55.662722 -4.234553
55.662746 -4.232106
55.662771 -4.229658
55.662796 -4.227211
55.662820 -4.224764
55.662844 -4.222316
55.662869 -4.219869
55.662893 -4.217421
55.662917 -4.214974
55.662941 -4.212527
55.662966 -4.210079
55.662990 -4.207632
55.663014 -4.205184
55.663038 -4.202737
55.663062 -4.200290
55.663086 -4.197842
55.663110 -4.195395
55.663133 -4.192947
55.663157 -4.190500
55.663181 -4.188052
55.663204 -4.185605
55.663228 -4.183157
55.662732 -4.364307
55.662759 -4.361860
55.662786 -4.359412
55.662813 -4.356965
55.662840 -4.354518
55.662867 -4.352070
55.662894 -4.349623
55.662921 -4.347176
55.662948 -4.344729
55.662975 -4.342281
55.663002 -4.339834
55.663028 -4.337387
55.663055 -4.334939
55.663082 -4.332492
55.663108 -4.330045
55.663135 -4.327598
55.663161 -4.325150
55.663187 -4.322703
55.663214 -4.320256
55.663240 -4.317808
55.663266 -4.315361
55.663293 -4.312914
55.663319 -4.310466
55.663345 -4.308019
55.663371 -4.305572
55.663397 -4.303124
55.663423 -4.300677
55.663449 -4.298229
55.663475 -4.295782
55.663500 -4.293335
55.663526 -4.290887
55.663552 -4.288440
55.663578 -4.285993
55.663603 -4.283545
55.663629 -4.281098
55.663654 -4.278650
55.663680 -4.276203
55.663705 -4.273756
55.663731 -4.271308
55.663756 -4.268861
55.663781 -4.266413
55.663806 -4.263966
55.663832 -4.261519
55.663857 -4.259071
55.663882 -4.256624
55.663907 -4.254176
55.663932 -4.251729
55.663957 -4.249281
55.663982 -4.246834
55.664006 -4.244387
55.664031 -4.241939
55.664056 -4.239492
55.664081 -4.237044
55.664105 -4.234597
55.664130 -4.232149
55.664154 -4.229702
55.664179 -4.227254
55.664203 -4.224807
55.664228 -4.222359
55.664252 -4.219912
55.664276 -4.217464
55.664301 -4.215017
55.664325 -4.212569
55.664349 -4.210122
55.664373 -4.207674
55.664397 -4.205227
55.664421 -4.202779
55.664445 -4.200332
55.664469 -4.197884
55.664493 -4.195437
55.664517 -4.192989
55.664541 -4.190542
55.664564 -4.188094
55.664588 -4.185647
55.664612 -4.183199
55.664115 -4.364355
55.664143 -4.361908
55.664170 -4.359460
55.664197 -4.357013
55.664224 -4.354566
55.664251 -4.352118
55.664278 -4.349671
55.664305 -4.347223
55.664331 -4.344776
55.664358 -4.342329
55.664385 -4.339881
55.664412 -4.337434
55.664438 -4.334987
55.664465 -4.332539
55.664491 -4.330092
55.664518 -4.327644
55.664544 -4.325197
55.664571 -4.322750
55.664597 -4.320302
55.664623 -4.317855
55.664650 -4.315407
55.664676 -4.312960
55.664702 -4.310512
55.664728 -4.308065
55.664754 -4.305618
55.664780 -4.303170
55.664806 -4.300723
55.664832 -4.298275
55.664858 -4.295828
55.664884 -4.293380
55.664910 -4.290933
55.664935 -4.288485
55.664961 -4.286038
55.664987 -4.283591
55.665012 -4.281143
55.665038 -4.278696
55.665063 -4.276248
55.665089 -4.273801
55.665114 -4.271353
55.665139 -4.268906
55.665165 -4.266458
55.665190 -4.264011
55.665215 -4.261563
55.665240 -4.259116
55.665265 -4.256668
55.665290 -4.254221
55.665315 -4.251773
55.665340 -4.249326
55.665365 -4.246878
55.665390 -4.244430
55.665415 -4.241983
55.665439 -4.239535
55.665464 -4.237088
55.665489 -4.234640
55.665513 -4.232193
55.665538 -4.229745
55.665562 -4.227298
55.665587 -4.224850
55.665611 -4.222402
55.665636 -4.219955
55.665660 -4.217507
55.665684 -4.215060
55.665708 -4.212612
55.665733 -4.210165
55.665757 -4.207717
55.665781 -4.205269
55.665805 -4.202822
55.665829 -4.200374
55.665853 -4.197927
55.665876 -4.195479
55.665900 -4.193031
55.665924 -4.190584
55.665948 -4.188136
55.665971 -4.185689
55.665995 -4.183241
55.665499 -4.364403
55.665526 -4.361956
55.665553 -4.359508
55.665580 -4.357061
55.665607 -4.354613
55.665634 -4.352166
55.665661 -4.349718
55.665688 -4.347271
55.665715 -4.344824
55.665742 -4.342376
55.665768 -4.339929
55.665795 -4.337481
55.665822 -4.335034
55.665848 -4.332586
55.665875 -4.330139
55.665901 -4.327691
55.665928 -4.325244
55.665954 -4.322796
55.665981 -4.320349
55.666007 -4.317901
55.666033 -4.315454
55.666059 -4.313006
55.666085 -4.310559
55.666112 -4.308111
55.666138 -4.305664
55.666164 -4.303216
55.666190 -4.300769
55.666216 -4.298321
55.666241 -4.295874
55.666267 -4.293426
55.666293 -4.290978
55.666319 -4.288531
55.666344 -4.286083
55.666370 -4.283636
55.666396 -4.281188
55.666421 -4.278741
55.666447 -4.276293
55.666472 -4.273846
55.666497 -4.271398
55.666523 -4.268950
55.666548 -4.266503
55.666573 -4.264055
55.666598 -4.261608
55.666624 -4.259160
55.666649 -4.256712
55.666674 -4.254265
55.666699 -4.251817
55.666724 -4.249370
55.666748 -4.246922
55.666773 -4.244474
55.666798 -4.242027
55.666823 -4.239579
55.666848 -4.237131
55.666872 -4.234684
55.666897 -4.232236
55.666921 -4.229789
55.666946 -4.227341
55.666970 -4.224893
55.666995 -4.222446
55.667019 -4.219998
55.667043 -4.217550
55.667068 -4.215103
55.667092 -4.212655
55.667116 -4.210207
55.667140 -4.207760
55.667164 -4.205312
55.667188 -4.202864
55.667212 -4.200417
55.667236 -4.197969
55.667260 -4.195521
55.667284 -4.193073
55.667307 -4.190626
55.667331 -4.188178
55.667355 -4.185730
55.667378 -4.183283
55.666882 -4.364451
55.666909 -4.362004
55.666936 -4.359556
55.666963 -4.357109
55.666991 -4.354661
55.667018 -4.352214
55.667044 -4.349766
55.667071 -4.347319
55.667098 -4.344871
55.667125 -4.342423
55.667152 -4.339976
55.667178 -4.337528
55.667205 -4.335081
55.667232 -4.332633
55.667258 -4.330186
55.667285 -4.327738
55.667311 -4.325290
55.667338 -4.322843
55.667364 -4.320395
55.667390 -4.317948
55.667416 -4.315500
55.667443 -4.313053
55.667469 -4.310605
55.667495 -4.308157
55.667521 -4.305710
55.667547 -4.303262
55.667573 -4.300815
55.667599 -4.298367
55.667625 -4.295919
55.667651 -4.293472
55.667676 -4.291024
55.667702 -4.288576
55.667728 -4.286129
55.667753 -4.283681
55.667779 -4.281233
55.667805 -4.278786
55.667830 -4.276338
55.667855 -4.273890
55.667881 -4.271443
55.667906 -4.268995
55.667931 -4.266547
55.667957 -4.264100
55.667982 -4.261652
55.668007 -4.259204
55.668032 -4.256757
55.668057 -4.254309
55.668082 -4.251861
55.668107 -4.249414
55.668132 -4.246966
55.668157 -4.244518
55.668182 -4.242071
55.668206 -4.239623
55.668231 -4.237175
55.668256 -4.234727
55.668280 -4.232280
55.668305 -4.229832
55.668329 -4.227384
55.668354 -4.224936
55.668378 -4.222489
55.668402 -4.220041
55.668427 -4.217593
55.668451 -4.215145
55.668475 -4.212698
55.668499 -4.210250
55.668524 -4.207802
55.668548 -4.205354
55.668572 -4.202907
55.668596 -4.200459
55.668619 -4.198011
55.668643 -4.195563
55.668667 -4.193116
55.668691 -4.190668
55.668715 -4.188220
55.668738 -4.185772
55.668762 -4.183324
55.668265 -4.364499
55.668293 -4.362052
55.668320 -4.359604
55.668347 -4.357157
55.668374 -4.354709
55.668401 -4.352261
55.668428 -4.349814
55.668455 -4.347366
55.668482 -4.344918
55.668508 -4.342471
55.668535 -4.340023
55.668562 -4.337576
55.668588 -4.335128
55.668615 -4.332680
55.668642 -4.330233
55.668668 -4.327785
55.668695 -4.325337
55.668721 -4.322890
55.668747 -4.320442
55.668774 -4.317994
55.668800 -4.315547
55.668826 -4.313099
55.668852 -4.310651
55.668878 -4.308204
55.668904 -4.305756
55.668930 -4.303308
55.668956 -4.300860
55.668982 -4.298413
55.669008 -4.295965
55.669034 -4.293517
55.669060 -4.291070
55.669086 -4.288622
55.669111 -4.286174
55.669137 -4.283726
55.669162 -4.281279
55.669188 -4.278831
55.669213 -4.276383
55.669239 -4.273935
55.669264 -4.271488
55.669290 -4.269040
55.669315 -4.266592
55.669340 -4.264144
55.669365 -4.261697
55.669390 -4.259249
55.669415 -4.256801
55.669441 -4.254353
55.669465 -4.251906
55.669490 -4.249458
55.669515 -4.247010
55.669540 -4.244562
55.669565 -4.242114
55.669590 -4.239667
55.669614 -4.237219
55.669639 -4.234771
55.669664 -4.232323
55.669688 -4.229875
55.669713 -4.227428
55.669737 -4.224980
55.669762 -4.222532
55.669786 -4.220084
55.669810 -4.217636
55.669834 -4.215188
55.669859 -4.212741
55.669883 -4.210293
55.669907 -4.207845
55.669931 -4.205397
55.669955 -4.202949
55.669979 -4.200501
55.670003 -4.198053
55.670027 -4.195606
55.670051 -4.193158
55.670074 -4.190710
55.670098 -4.188262
55.670122 -4.185814
55.670145 -4.183366
55.669649 -4.364547
55.669676 -4.362100
55.669703 -4.359652
55.669730 -4.357204
55.669757 -4.354757
55.669784 -4.352309
55.669811 -4.349861
55.669838 -4.347414
55.669865 -4.344966
55.669892 -4.342518
55.669918 -4.340070
55.669945 -4.337623
55.669972 -4.335175
55.669998 -4.332727
55.670025 -4.330280
55.670051 -4.327832
55.670078 -4.325384
55.670104 -4.322936
55.670131 -4.320489
55.670157 -4.318041
55.670183 -4.315593
55.670209 -4.313145
55.670236 -4.310697
55.670262 -4.308250
55.670288 -4.305802
55.670314 -4.303354
55.670340 -4.300906
55.670366 -4.298459
55.670392 -4.296011
55.670417 -4.293563
55.670443 -4.291115
55.670469 -4.288667
55.670495 -4.286219
55.670520 -4.283772
55.670546 -4.281324
55.670571 -4.278876
55.670597 -4.276428
55.670622 -4.273980
55.670648 -4.271533
55.670673 -4.269085
55.670698 -4.266637
55.670723 -4.264189
55.670749 -4.261741
55.670774 -4.259293
55.670799 -4.256845
55.670824 -4.254398
55.670849 -4.251950
55.670874 -4.249502
55.670899 -4.247054
55.670924 -4.244606
55.670948 -4.242158
55.670973 -4.239710
55.670998 -4.237262
55.671022 -4.234815
55.671047 -4.232367
55.671072 -4.229919
55.671096 -4.227471
55.671121 -4.225023
55.671145 -4.222575
55.671169 -4.220127
55.671194 -4.217679
55.671218 -4.215231
55.671242 -4.212783
55.671266 -4.210335
55.671290 -4.207887
55.671314 -4.205440
55.671339 -4.202992
55.671362 -4.200544
55.671386 -4.198096
55.671410 -4.195648
55.671434 -4.193200
55.671458 -4.190752
55.671482 -4.188304
55.671505 -4.185856
55.671529 -4.183408
55.671032 -4.364596
55.671059 -4.362148
55.671086 -4.359700
55.671114 -4.357252
55.671141 -4.354805
55.671168 -4.352357
55.671195 -4.349909
55.671221 -4.347461
55.671248 -4.345013
55.671275 -4.342566
55.671302 -4.340118
55.671329 -4.337670
55.671355 -4.335222
55.671382 -4.332774
55.671408 -4.330326
55.671435 -4.327879
55.671461 -4.325431
55.671488 -4.322983
55.671514 -4.320535
55.671540 -4.318087
55.671567 -4.315639
55.671593 -4.313192
55.671619 -4.310744
55.671645 -4.308296
55.671671 -4.305848
55.671697 -4.303400
55.671723 -4.300952
55.671749 -4.298504
55.671775 -4.296056
55.671801 -4.293609
55.671827 -4.291161
55.671852 -4.288713
55.671878 -4.286265
55.671904 -4.283817
55.671929 -4.281369
55.671955 -4.278921
55.671980 -4.276473
55.672006 -4.274025
55.672031 -4.271577
55.672056 -4.269129
55.672082 -4.266682
55.672107 -4.264234
55.672132 -4.261786
55.672157 -4.259338
55.672182 -4.256890
55.672207 -4.254442
55.672232 -4.251994
55.672257 -4.249546
55.672282 -4.247098
55.672307 -4.244650
55.672332 -4.242202
55.672357 -4.239754
55.672381 -4.237306
55.672406 -4.234858
55.672431 -4.232410
55.672455 -4.229962
55.672480 -4.227514
55.672504 -4.225066
55.672528 -4.222618
55.672553 -4.220170
55.672577 -4.217722
55.672601 -4.215274
55.672626 -4.212826
55.672650 -4.210378
55.672674 -4.207930
55.672698 -4.205482
55.672722 -4.203034
55.672746 -4.200586
55.672770 -4.198138
55.672794 -4.195690
55.672818 -4.193242
55.672841 -4.190794
55.672865 -4.188346
55.672889 -4.185898
55.672912 -4.183450
55.672416 -4.364644
55.672443 -4.362196
55.672470 -4.359748
55.672497 -4.357300
55.672524 -4.354852
55.672551 -4.352404
55.672578 -4.349957
55.672605 -4.347509
55.672632 -4.345061
55.672658 -4.342613
55.672685 -4.340165
55.672712 -4.337717
55.672739 -4.335269
55.672765 -4.332821
55.672792 -4.330373
55.672818 -4.327925
55.672845 -4.325478
55.672871 -4.323030
55.672897 -4.320582
55.672924 -4.318134
55.672950 -4.315686
55.672976 -4.313238
55.673002 -4.310790
55.673029 -4.308342
55.673055 -4.305894
55.673081 -4.303446
55.673107 -4.300998
55.673133 -4.298550
55.673158 -4.296102
55.673184 -4.293654
55.673210 -4.291206
55.673236 -4.288758
55.673261 -4.286310
55.673287 -4.283862
55.673313 -4.281414
55.673338 -4.278966
55.673364 -4.276518
55.673389 -4.274070
55.673414 -4.271622
55.673440 -4.269174
55.673465 -4.266726
55.673490 -4.264278
55.673515 -4.261830
55.673541 -4.259382
55.673566 -4.256934
55.673591 -4.254486
55.673616 -4.252038
55.673641 -4.249590
55.673666 -4.247142
55.673690 -4.244694
55.673715 -4.242246
55.673740 -4.239798
55.673765 -4.237350
55.673789 -4.234902
55.673814 -4.232454
55.673839 -4.230006
55.673863 -4.227557
55.673887 -4.225109
55.673912 -4.222661
55.673936 -4.220213
55.673961 -4.217765
55.673985 -4.215317
55.674009 -4.212869
55.674033 -4.210421
55.674057 -4.207973
55.674081 -4.205525
55.674105 -4.203076
55.674129 -4.200628
55.674153 -4.198180
55.674177 -4.195732
55.674201 -4.193284
55.674225 -4.190836
55.674248 -4.188388
55.674272 -4.185940
55.674296 -4.183491
55.673799 -4.364692
55.673826 -4.362244
55.673853 -4.359796
55.673880 -4.357348
55.673907 -4.354900
55.673934 -4.352452
55.673961 -4.350004
55.673988 -4.347556
55.674015 -4.345108
55.674042 -4.342660
55.674069 -4.340212
55.674095 -4.337764
55.674122 -4.335316
55.674149 -4.332868
55.674175 -4.330420
55.674202 -4.327972
55.674228 -4.325524
55.674255 -4.323076
55.674281 -4.320628
55.674307 -4.318180
55.674333 -4.315732
55.674360 -4.313284
55.674386 -4.310836
55.674412 -4.308388
55.674438 -4.305940
55.674464 -4.303492
55.674490 -4.301044
55.674516 -4.298596
55.674542 -4.296148
55.674568 -4.293700
55.674593 -4.291252
55.674619 -4.288804
55.674645 -4.286356
55.674670 -4.283908
55.674696 -4.281460
55.674722 -4.279011
55.674747 -4.276563
55.674772 -4.274115
55.674798 -4.271667
55.674823 -4.269219
55.674848 -4.266771
55.674874 -4.264323
55.674899 -4.261875
55.674924 -4.259427
55.674949 -4.256979
55.674974 -4.254530
55.674999 -4.252082
55.675024 -4.249634
55.675049 -4.247186
55.675074 -4.244738
55.675099 -4.242290
55.675123 -4.239842
55.675148 -4.237393
55.675173 -4.234945
55.675197 -4.232497
55.675222 -4.230049
55.675246 -4.227601
55.675271 -4.225153
55.675295 -4.222704
55.675320 -4.220256
55.675344 -4.217808
55.675368 -4.215360
55.675392 -4.212912
55.675417 -4.210464
55.675441 -4.208015
55.675465 -4.205567
55.675489 -4.203119
55.675513 -4.200671
55.675537 -4.198223
55.675561 -4.195774
55.675584 -4.193326
55.675608 -4.190878
55.675632 -4.188430
55.675656 -4.185981
55.675679 -4.183533
55.675182 -4.364740
55.675209 -4.362292
55.675237 -4.359844
55.675264 -4.357396
55.675291 -4.354948
55.675318 -4.352500
55.675345 -4.350052
55.675372 -4.347604
55.675398 -4.345156
55.675425 -4.342708
55.675452 -4.340260
55.675479 -4.337812
55.675505 -4.335363
55.675532 -4.332915
55.675559 -4.330467
55.675585 -4.328019
55.675611 -4.325571
55.675638 -4.323123
55.675664 -4.320675
55.675691 -4.318227
55.675717 -4.315779
55.675743 -4.313331
55.675769 -4.310882
55.675795 -4.308434
55.675821 -4.305986
55.675847 -4.303538
55.675873 -4.301090
55.675899 -4.298642
55.675925 -4.296194
55.675951 -4.293746
55.675977 -4.291297
55.676003 -4.288849
55.676028 -4.286401
55.676054 -4.283953
55.676079 -4.281505
55.676105 -4.279057
55.676130 -4.276608
55.676156 -4.274160
55.676181 -4.271712
55.676207 -4.269264
55.676232 -4.266816
55.676257 -4.264367
55.676282 -4.261919
55.676307 -4.259471
55.676333 -4.257023
55.676358 -4.254575
55.676383 -4.252126
55.676408 -4.249678
55.676432 -4.247230
55.676457 -4.244782
55.676482 -4.242334
55.676507 -4.239885
55.676532 -4.237437
55.676556 -4.234989
55.676581 -4.232541
55.676605 -4.230092
55.676630 -4.227644
55.676654 -4.225196
55.676679 -4.222748
55.676703 -4.220299
55.676727 -4.217851
55.676752 -4.215403
55.676776 -4.212955
55.676800 -4.210506
55.676824 -4.208058
55.676848 -4.205610
55.676872 -4.203161
55.676896 -4.200713
55.676920 -4.198265
55.676944 -4.195817
55.676968 -4.193368
55.676992 -4.190920
55.677015 -4.188472
55.677039 -4.186023
55.677063 -4.183575
55.676566 -4.364788
55.676593 -4.362340
55.676620 -4.359892
55.676647 -4.357444
55.676674 -4.354996
55.676701 -4.352548
55.676728 -4.350100
55.676755 -4.347651
55.676782 -4.345203
55.676809 -4.342755
55.676835 -4.340307
55.676862 -4.337859
55.676889 -4.335411
55.676915 -4.332962
55.676942 -4.330514
55.676968 -4.328066
55.676995 -4.325618
55.677021 -4.323170
55.677048 -4.320722
55.677074 -4.318273
55.677100 -4.315825
55.677126 -4.313377
55.677153 -4.310929
55.677179 -4.308481
55.677205 -4.306032
55.677231 -4.303584
55.677257 -4.301136
55.677283 -4.298688
55.677309 -4.296239
55.677334 -4.293791
55.677360 -4.291343
55.677386 -4.288895
55.677412 -4.286446
55.677437 -4.283998
55.677463 -4.281550
55.677488 -4.279102
55.677514 -4.276653
55.677539 -4.274205
55.677565 -4.271757
55.677590 -4.269309
55.677615 -4.266860
55.677641 -4.264412
55.677666 -4.261964
55.677691 -4.259516
55.677716 -4.257067
55.677741 -4.254619
55.677766 -4.252171
55.677791 -4.249722
55.677816 -4.247274
55.677841 -4.244826
55.677866 -4.242377
55.677890 -4.239929
55.677915 -4.237481
55.677940 -4.235032
55.677964 -4.232584
55.677989 -4.230136
55.678013 -4.227687
55.678038 -4.225239
55.678062 -4.222791
55.678087 -4.220342
55.678111 -4.217894
55.678135 -4.215446
55.678159 -4.212997
55.678184 -4.210549
55.678208 -4.208101
55.678232 -4.205652
55.678256 -4.203204
55.678280 -4.200756
55.678304 -4.198307
55.678328 -4.195859
55.678351 -4.193410
55.678375 -4.190962
55.678399 -4.188514
55.678423 -4.186065
55.678446 -4.183617
55.677949 -4.364836
55.677976 -4.362388
55.678003 -4.359940
55.678030 -4.357492
55.678057 -4.355044
55.678084 -4.352595
55.678111 -4.350147
55.678138 -4.347699
55.678165 -4.345251
55.678192 -4.342802
55.678219 -4.340354
55.678245 -4.337906
55.678272 -4.335458
55.678299 -4.333009
55.678325 -4.330561
55.678352 -4.328113
55.678378 -4.325665
55.678405 -4.323216
55.678431 -4.320768
55.678457 -4.318320
55.678484 -4.315872
55.678510 -4.313423
55.678536 -4.310975
55.678562 -4.308527
55.678588 -4.306078
55.678614 -4.303630
55.678640 -4.301182
55.678666 -4.298733
55.678692 -4.296285
55.678718 -4.293837
55.678744 -4.291389
55.678769 -4.288940
55.678795 -4.286492
55.678821 -4.284044
55.678846 -4.281595
55.678872 -4.279147
55.678897 -4.276699
55.678923 -4.274250
55.678948 -4.271802
55.678973 -4.269353
55.678999 -4.266905
55.679024 -4.264457
55.679049 -4.262008
55.679074 -4.259560
55.679099 -4.257112
55.679124 -4.254663
55.679149 -4.252215
55.679174 -4.249766
55.679199 -4.247318
55.679224 -4.244870
55.679249 -4.242421
55.679274 -4.239973
55.679298 -4.237524
55.679323 -4.235076
55.679348 -4.232628
55.679372 -4.230179
55.679397 -4.227731
55.679421 -4.225282
55.679446 -4.222834
55.679470 -4.220385
55.679494 -4.217937
55.679519 -4.215489
55.679543 -4.213040
55.679567 -4.210592
55.679591 -4.208143
55.679615 -4.205695
55.679639 -4.203246
55.679663 -4.200798
55.679687 -4.198349
55.679711 -4.195901
55.679735 -4.193452
55.679759 -4.191004
55.679782 -4.188556
55.679806 -4.186107
55.679830 -4.183659
55.679332 -4.364885
55.679360 -4.362436
55.679387 -4.359988
55.679414 -4.357540
55.679441 -4.355091
55.679468 -4.352643
55.679495 -4.350195
55.679522 -4.347747
55.679549 -4.345298
55.679575 -4.342850
55.679602 -4.340402
55.679629 -4.337953
55.679655 -4.335505
55.679682 -4.333057
55.679709 -4.330608
55.679735 -4.328160
55.679762 -4.325711
55.679788 -4.323263
55.679814 -4.320815
55.679841 -4.318366
55.679867 -4.315918
55.679893 -4.313470
55.679919 -4.311021
55.679946 -4.308573
55.679972 -4.306125
55.679998 -4.303676
55.680024 -4.301228
55.680050 -4.298779
55.680075 -4.296331
55.680101 -4.293883
55.680127 -4.291434
55.680153 -4.288986
55.680178 -4.286537
55.680204 -4.284089
55.680230 -4.281640
55.680255 -4.279192
55.680281 -4.276744
55.680306 -4.274295
55.680332 -4.271847
55.680357 -4.269398
55.680382 -4.266950
55.680407 -4.264501
55.680433 -4.262053
55.680458 -4.259604
55.680483 -4.257156
55.680508 -4.254708
55.680533 -4.252259
55.680558 -4.249811
55.680583 -4.247362
55.680608 -4.244914
55.680632 -4.242465
55.680657 -4.240017
55.680682 -4.237568
55.680707 -4.235120
55.680731 -4.232671
55.680756 -4.230223
55.680780 -4.227774
55.680805 -4.225326
55.680829 -4.222877
55.680853 -4.220429
55.680878 -4.217980
55.680902 -4.215532
55.680926 -4.213083
55.680950 -4.210634
55.680975 -4.208186
55.680999 -4.205737
55.681023 -4.203289
55.681047 -4.200840
55.681071 -4.198392
55.681094 -4.195943
55.681118 -4.193495
55.681142 -4.191046
55.681166 -4.188597
55.681189 -4.186149
55.681213 -4.183700
55.680716 -4.364933
55.680743 -4.362484
55.680770 -4.360036
55.680797 -4.357588
55.680824 -4.355139
55.680851 -4.352691
55.680878 -4.350242
55.680905 -4.347794
55.680932 -4.345346
55.680959 -4.342897
55.680985 -4.340449
55.681012 -4.338000
55.681039 -4.335552
55.681065 -4.333104
55.681092 -4.330655
55.681119 -4.328207
55.681145 -4.325758
55.681171 -4.323310
55.681198 -4.320861
55.681224 -4.318413
55.681250 -4.315964
55.681277 -4.313516
55.681303 -4.311068
55.681329 -4.308619
55.681355 -4.306171
55.681381 -4.303722
55.681407 -4.301274
55.681433 -4.298825
55.681459 -4.296377
55.681485 -4.293928
55.681510 -4.291480
55.681536 -4.289031
55.681562 -4.286583
55.681587 -4.284134
55.681613 -4.281686
55.681639 -4.279237
55.681664 -4.276789
55.681690 -4.274340
55.681715 -4.271892
55.681740 -4.269443
55.681766 -4.266995
55.681791 -4.264546
55.681816 -4.262097
55.681841 -4.259649
55.681866 -4.257200
55.681891 -4.254752
55.681916 -4.252303
55.681941 -4.249855
55.681966 -4.247406
55.681991 -4.244958
55.682016 -4.242509
55.682041 -4.240060
55.682065 -4.237612
55.682090 -4.235163
55.682115 -4.232715
55.682139 -4.230266
55.682164 -4.227817
55.682188 -4.225369
55.682213 -4.222920
55.682237 -4.220472
55.682261 -4.218023
55.682285 -4.215574
55.682310 -4.213126
55.682334 -4.210677
55.682358 -4.208229
55.682382 -4.205780
55.682406 -4.203331
55.682430 -4.200883
55.682454 -4.198434
55.682478 -4.195985
55.682502 -4.193537
55.682525 -4.191088
55.682549 -4.188639
55.682573 -4.186191
55.682597 -4.183742
55.682099 -4.364981
55.682126 -4.362533
55.682153 -4.360084
55.682181 -4.357636
55.682208 -4.355187
55.682235 -4.352739
55.682262 -4.350290
55.682288 -4.347842
55.682315 -4.345393
55.682342 -4.342945
55.682369 -4.340496
55.682396 -4.338048
55.682422 -4.335599
55.682449 -4.333151
55.682475 -4.330702
55.682502 -4.328254
55.682528 -4.325805
55.682555 -4.323357
55.682581 -4.320908
55.682608 -4.318459
55.682634 -4.316011
55.682660 -4.313562
55.682686 -4.311114
55.682712 -4.308665
55.682738 -4.306217
55.682764 -4.303768
55.682790 -4.301320
55.682816 -4.298871
55.682842 -4.296422
55.682868 -4.293974
55.682894 -4.291525
55.682920 -4.289077
55.682945 -4.286628
55.682971 -4.284180
55.682996 -4.281731
55.683022 -4.279282
55.683048 -4.276834
55.683073 -4.274385
55.683098 -4.271937
55.683124 -4.269488
55.683149 -4.267039
55.683174 -4.264591
55.683199 -4.262142
55.683225 -4.259693
55.683250 -4.257245
55.683275 -4.254796
55.683300 -4.252347
55.683325 -4.249899
55.683350 -4.247450
55.683374 -4.245002
55.683399 -4.242553
55.683424 -4.240104
55.683449 -4.237656
55.683473 -4.235207
55.683498 -4.232758
55.683523 -4.230309
55.683547 -4.227861
55.683572 -4.225412
55.683596 -4.222963
55.683620 -4.220515
55.683645 -4.218066
55.683669 -4.215617
55.683693 -4.213169
55.683717 -4.210720
55.683741 -4.208271
55.683766 -4.205823
55.683790 -4.203374
55.683814 -4.200925
55.683837 -4.198476
55.683861 -4.196028
55.683885 -4.193579
55.683909 -4.191130
55.683933 -4.188681
55.683956 -4.186233
55.683980 -4.183784
55.683482 -4.365029
55.683510 -4.362581
55.683537 -4.360132
55.683564 -4.357684
55.683591 -4.355235
55.683618 -4.352786
55.683645 -4.350338
55.683672 -4.347889
55.683699 -4.345441
55.683725 -4.342992
55.683752 -4.340543
55.683779 -4.338095
55.683806 -4.335646
55.683832 -4.333198
55.683859 -4.330749
55.683885 -4.328301
55.683912 -4.325852
55.683938 -4.323403
55.683965 -4.320955
55.683991 -4.318506
55.684017 -4.316057
55.684043 -4.313609
55.684070 -4.311160
55.684096 -4.308711
55.684122 -4.306263
55.684148 -4.303814
55.684174 -4.301366
55.684200 -4.298917
55.684226 -4.296468
55.684251 -4.294020
55.684277 -4.291571
55.684303 -4.289122
55.684329 -4.286674
55.684354 -4.284225
55.684380 -4.281776
55.684405 -4.279328
55.684431 -4.276879
55.684456 -4.274430
55.684482 -4.271981
55.684507 -4.269533
55.684532 -4.267084
55.684558 -4.264635
55.684583 -4.262187
55.684608 -4.259738
55.684633 -4.257289
55.684658 -4.254840
55.684683 -4.252392
55.684708 -4.249943
55.684733 -4.247494
55.684758 -4.245045
55.684783 -4.242597
55.684807 -4.240148
55.684832 -4.237699
55.684857 -4.235250
55.684881 -4.232802
55.684906 -4.230353
55.684931 -4.227904
55.684955 -4.225455
55.684979 -4.223007
55.685004 -4.220558
55.685028 -4.218109
55.685052 -4.215660
55.685077 -4.213211
55.685101 -4.210763
55.685125 -4.208314
55.685149 -4.205865
55.685173 -4.203416
55.685197 -4.200967
55.685221 -4.198519
55.685245 -4.196070
55.685269 -4.193621
55.685292 -4.191172
55.685316 -4.188723
55.685340 -4.186275
55.685363 -4.183826
55.684866 -4.365077
55.684893 -4.362629
55.684920 -4.360180
55.684947 -4.357731
55.684974 -4.355283
55.685001 -4.352834
55.685028 -4.350385
55.685055 -4.347937
55.685082 -4.345488
55.685109 -4.343040
55.685136 -4.340591
55.685162 -4.338142
55.685189 -4.335693
55.685216 -4.333245
55.685242 -4.330796
55.685269 -4.328347
55.685295 -4.325899
55.685322 -4.323450
55.685348 -4.321001
55.685374 -4.318553
55.685401 -4.316104
55.685427 -4.313655
55.685453 -4.311206
55.685479 -4.308758
55.685505 -4.306309
55.685531 -4.303860
55.685557 -4.301411
55.685583 -4.298963
55.685609 -4.296514
55.685635 -4.294065
55.685661 -4.291617
55.685686 -4.289168
55.685712 -4.286719
55.685738 -4.284270
55.685763 -4.281821
55.685789 -4.279373
55.685814 -4.276924
55.685840 -4.274475
55.685865 -4.272026
55.685891 -4.269578
55.685916 -4.267129
55.685941 -4.264680
55.685966 -4.262231
55.685991 -4.259782
55.686017 -4.257334
55.686042 -4.254885
55.686067 -4.252436
55.686092 -4.249987
55.686116 -4.247538
55.686141 -4.245089
55.686166 -4.242641
55.686191 -4.240192
55.686216 -4.237743
55.686240 -4.235294
55.686265 -4.232845
55.686289 -4.230396
55.686314 -4.227948
55.686338 -4.225499
55.686363 -4.223050
55.686387 -4.220601
55.686412 -4.218152
55.686436 -4.215703
55.686460 -4.213254
55.686484 -4.210805
55.686508 -4.208357
55.686532 -4.205908
55.686556 -4.203459
55.686580 -4.201010
55.686604 -4.198561
55.686628 -4.196112
55.686652 -4.193663
55.686676 -4.191214
55.686700 -4.188765
55.686723 -4.186316
55.686747 -4.183867
55.686249 -4.365126
55.686276 -4.362677
55.686303 -4.360228
55.686331 -4.357779
55.686358 -4.355331
55.686385 -4.352882
55.686412 -4.350433
55.686439 -4.347984
55.686465 -4.345536
55.686492 -4.343087
55.686519 -4.340638
55.686546 -4.338189
55.686572 -4.335741
55.686599 -4.333292
55.686626 -4.330843
55.686652 -4.328394
55.686679 -4.325946
55.686705 -4.323497
55.686731 -4.321048
55.686758 -4.318599
55.686784 -4.316150
55.686810 -4.313702
55.686836 -4.311253
55.686862 -4.308804
55.686889 -4.306355
55.686915 -4.303906
55.686941 -4.301457
55.686967 -4.299009
55.686992 -4.296560
55.687018 -4.294111
55.687044 -4.291662
55.687070 -4.289213
55.687095 -4.286764
55.687121 -4.284316
55.687147 -4.281867
55.687172 -4.279418
55.687198 -4.276969
55.687223 -4.274520
55.687249 -4.272071
55.687274 -4.269622
55.687299 -4.267173
55.687324 -4.264725
55.687350 -4.262276
55.687375 -4.259827
55.687400 -4.257378
55.687425 -4.254929
55.687450 -4.252480
55.687475 -4.250031
55.687500 -4.247582
55.687525 -4.245133
55.687550 -4.242684
55.687574 -4.240236
55.687599 -4.237787
55.687624 -4.235338
55.687648 -4.232889
55.687673 -4.230440
55.687697 -4.227991
55.687722 -4.225542
55.687746 -4.223093
55.687771 -4.220644
55.687795 -4.218195
55.687819 -4.215746
55.687843 -4.213297
55.687868 -4.210848
55.687892 -4.208399
55.687916 -4.205950
55.687940 -4.203501
55.687964 -4.201052
55.687988 -4.198603
55.688012 -4.196154
55.688036 -4.193705
55.688059 -4.191256
55.688083 -4.188807
55.688107 -4.186358
55.688130 -4.183909
55.687632 -4.365174
55.687660 -4.362725
55.687687 -4.360276
55.687714 -4.357827
55.687741 -4.355379
55.687768 -4.352930
55.687795 -4.350481
55.687822 -4.348032
55.687849 -4.345583
55.687876 -4.343134
55.687902 -4.340685
55.687929 -4.338237
55.687956 -4.335788
55.687982 -4.333339
55.688009 -4.330890
55.688035 -4.328441
55.688062 -4.325992
55.688088 -4.323543
55.688115 -4.321095
55.688141 -4.318646
55.688167 -4.316197
55.688194 -4.313748
55.688220 -4.311299
55.688246 -4.308850
55.688272 -4.306401
55.688298 -4.303952
55.688324 -4.301503
55.688350 -4.299054
55.688376 -4.296606
55.688402 -4.294157
55.688427 -4.291708
55.688453 -4.289259
55.688479 -4.286810
55.688505 -4.284361
55.688530 -4.281912
55.688556 -4.279463
55.688581 -4.277014
55.688607 -4.274565
55.688632 -4.272116
55.688657 -4.269667
55.688683 -4.267218
55.688708 -4.264769
55.688733 -4.262320
55.688758 -4.259871
55.688783 -4.257422
55.688808 -4.254973
55.688833 -4.252524
55.688858 -4.250075
55.688883 -4.247626
55.688908 -4.245177
55.688933 -4.242728
55.688958 -4.240279
55.688982 -4.237830
55.689007 -4.235381
55.689032 -4.232932
55.689056 -4.230483
55.689081 -4.228034
55.689105 -4.225585
55.689130 -4.223136
55.689154 -4.220687
55.689178 -4.218238
55.689203 -4.215789
55.689227 -4.213340
55.689251 -4.210891
55.689275 -4.208442
55.689299 -4.205993
55.689323 -4.203544
55.689347 -4.201095
55.689371 -4.198646
55.689395 -4.196197
55.689419 -4.193747
55.689443 -4.191298
55.689466 -4.188849
55.689490 -4.186400
55.689514 -4.183951
55.689016 -4.365222
55.689043 -4.362773
55.689070 -4.360324
55.689097 -4.357875
55.689124 -4.355426
55.689151 -4.352977
55.689178 -4.350529
55.689205 -4.348080
55.689232 -4.345631
55.689259 -4.343182
55.689286 -4.340733
55.689312 -4.338284
55.689339 -4.335835
55.689366 -4.333386
55.689392 -4.330937
55.689419 -4.328488
55.689445 -4.326039
55.689472 -4.323590
55.689498 -4.321141
55.689524 -4.318692
55.689551 -4.316243
55.689577 -4.313794
55.689603 -4.311345
55.689629 -4.308896
55.689655 -4.306447
55.689681 -4.303998
55.689707 -4.301549
55.689733 -4.299100
55.689759 -4.296651
55.689785 -4.294202
55.689811 -4.291753
55.689837 -4.289304
55.689862 -4.286855
55.689888 -4.284406
55.689914 -4.281957
55.689939 -4.279508
55.689965 -4.277059
55.689990 -4.274610
55.690015 -4.272161
55.690041 -4.269712
55.690066 -4.267263
55.690091 -4.264814
55.690117 -4.262365
55.690142 -4.259916
55.690167 -4.257467
55.690192 -4.255018
55.690217 -4.252569
55.690242 -4.250119
55.690267 -4.247670
55.690292 -4.245221
55.690316 -4.242772
55.690341 -4.240323
55.690366 -4.237874
55.690391 -4.235425
55.690415 -4.232976
55.690440 -4.230527
55.690464 -4.228078
55.690489 -4.225628
55.690513 -4.223179
55.690538 -4.220730
55.690562 -4.218281
55.690586 -4.215832
55.690610 -4.213383
55.690635 -4.210934
55.690659 -4.208485
55.690683 -4.206035
55.690707 -4.203586
55.690731 -4.201137
55.690755 -4.198688
55.690779 -4.196239
55.690802 -4.193790
55.690826 -4.191340
55.690850 -4.188891
55.690874 -4.186442
55.690897 -4.183993
55.690399 -4.365270
55.690426 -4.362821
55.690454 -4.360372
55.690481 -4.357923
55.690508 -4.355474
55.690535 -4.353025
55.690562 -4.350576
55.690589 -4.348127
55.690616 -4.345678
55.690642 -4.343229
55.690669 -4.340780
55.690696 -4.338331
55.690722 -4.335882
55.690749 -4.333433
55.690776 -4.330984
55.690802 -4.328535
55.690829 -4.326086
55.690855 -4.323637
55.690881 -4.321188
55.690908 -4.318739
55.690934 -4.316290
55.690960 -4.313841
55.690987 -4.311392
55.691013 -4.308943
55.691039 -4.306493
55.691065 -4.304044
55.691091 -4.301595
55.691117 -4.299146
55.691143 -4.296697
55.691168 -4.294248
55.691194 -4.291799
55.691220 -4.289350
55.691246 -4.286901
55.691271 -4.284452
55.691297 -4.282003
55.691322 -4.279553
55.691348 -4.277104
55.691373 -4.274655
55.691399 -4.272206
55.691424 -4.269757
55.691449 -4.267308
55.691475 -4.264859
55.691500 -4.262409
55.691525 -4.259960
55.691550 -4.257511
55.691575 -4.255062
55.691600 -4.252613
55.691625 -4.250164
55.691650 -4.247714
55.691675 -4.245265
55.691700 -4.242816
55.691725 -4.240367
55.691749 -4.237918
55.691774 -4.235469
55.691799 -4.233019
55.691823 -4.230570
55.691848 -4.228121
55.691872 -4.225672
55.691897 -4.223223
55.691921 -4.220773
55.691945 -4.218324
55.691970 -4.215875
55.691994 -4.213426
55.692018 -4.210976
55.692042 -4.208527
55.692066 -4.206078
55.692090 -4.203629
55.692114 -4.201180
55.692138 -4.198730
55.692162 -4.196281
55.692186 -4.193832
55.692210 -4.191383
55.692233 -4.188933
55.692257 -4.186484
55.692281 -4.184035
55.691783 -4.365318
55.691810 -4.362869
55.691837 -4.360420
55.691864 -4.357971
55.691891 -4.355522
55.691918 -4.353073
55.691945 -4.350624
55.691972 -4.348175
55.691999 -4.345726
55.692026 -4.343277
55.692052 -4.340828
55.692079 -4.338378
55.692106 -4.335929
55.692132 -4.333480
55.692159 -4.331031
55.692186 -4.328582
55.692212 -4.326133
55.692238 -4.323684
55.692265 -4.321235
55.692291 -4.318785
55.692317 -4.316336
55.692344 -4.313887
55.692370 -4.311438
55.692396 -4.308989
55.692422 -4.306540
55.692448 -4.304090
55.692474 -4.301641
55.692500 -4.299192
55.692526 -4.296743
55.692552 -4.294294
55.692578 -4.291845
55.692603 -4.289395
55.692629 -4.286946
55.692655 -4.284497
55.692680 -4.282048
55.692706 -4.279599
55.692731 -4.277149
55.692757 -4.274700
55.692782 -4.272251
55.692808 -4.269802
55.692833 -4.267352
55.692858 -4.264903
55.692883 -4.262454
55.692908 -4.260005
55.692934 -4.257556
55.692959 -4.255106
55.692984 -4.252657
55.693009 -4.250208
55.693034 -4.247759
55.693058 -4.245309
55.693083 -4.242860
55.693108 -4.240411
55.693133 -4.237961
55.693157 -4.235512
55.693182 -4.233063
55.693207 -4.230614
55.693231 -4.228164
55.693256 -4.225715
55.693280 -4.223266
55.693304 -4.220816
55.693329 -4.218367
55.693353 -4.215918
55.693377 -4.213469
55.693401 -4.211019
55.693426 -4.208570
55.693450 -4.206121
55.693474 -4.203671
55.693498 -4.201222
55.693522 -4.198773
55.693545 -4.196323
55.693569 -4.193874
55.693593 -4.191425
55.693617 -4.188975
55.693641 -4.186526
55.693664 -4.184077
55.693166 -4.365367
55.693193 -4.362917
55.693220 -4.360468
55.693247 -4.358019
55.693274 -4.355570
55.693301 -4.353121
55.693328 -4.350672
55.693355 -4.348222
55.693382 -4.345773
55.693409 -4.343324
55.693436 -4.340875
55.693463 -4.338426
55.693489 -4.335976
55.693516 -4.333527
55.693542 -4.331078
55.693569 -4.328629
55.693595 -4.326180
55.693622 -4.323730
55.693648 -4.321281
55.693675 -4.318832
55.693701 -4.316383
55.693727 -4.313934
55.693753 -4.311484
55.693779 -4.309035
55.693806 -4.306586
55.693832 -4.304137
55.693858 -4.301687
55.693883 -4.299238
55.693909 -4.296789
55.693935 -4.294339
55.693961 -4.291890
55.693987 -4.289441
55.694012 -4.286992
55.694038 -4.284542
55.694064 -4.282093
55.694089 -4.279644
55.694115 -4.277194
55.694140 -4.274745
55.694166 -4.272296
55.694191 -4.269847
55.694216 -4.267397
55.694242 -4.264948
55.694267 -4.262499
55.694292 -4.260049
55.694317 -4.257600
55.694342 -4.255151
55.694367 -4.252701
55.694392 -4.250252
55.694417 -4.247803
55.694442 -4.245353
55.694467 -4.242904
55.694491 -4.240455
55.694516 -4.238005
55.694541 -4.235556
55.694565 -4.233106
55.694590 -4.230657
55.694615 -4.228208
55.694639 -4.225758
55.694663 -4.223309
55.694688 -4.220860
55.694712 -4.218410
55.694736 -4.215961
55.694761 -4.213511
55.694785 -4.211062
55.694809 -4.208613
55.694833 -4.206163
55.694857 -4.203714
55.694881 -4.201264
55.694905 -4.198815
55.694929 -4.196366
55.694953 -4.193916
55.694977 -4.191467
55.695000 -4.189017
55.695024 -4.186568
55.695048 -4.184118
55.694549 -4.365415
55.694576 -4.362966
55.694604 -4.360516
55.694631 -4.358067
55.694658 -4.355618
55.694685 -4.353169
55.694712 -4.350719
55.694739 -4.348270
55.694766 -4.345821
55.694792 -4.343372
55.694819 -4.340922
55.694846 -4.338473
55.694873 -4.336024
55.694899 -4.333574
55.694926 -4.331125
55.694952 -4.328676
55.694979 -4.326226
55.695005 -4.323777
55.695032 -4.321328
55.695058 -4.318879
55.695084 -4.316429
55.695110 -4.313980
55.695137 -4.311531
55.695163 -4.309081
55.695189 -4.306632
55.695215 -4.304183
55.695241 -4.301733
55.695267 -4.299284
55.695293 -4.296835
55.695319 -4.294385
55.695344 -4.291936
55.695370 -4.289486
55.695396 -4.287037
55.695422 -4.284588
55.695447 -4.282138
55.695473 -4.279689
55.695498 -4.277240
55.695524 -4.274790
55.695549 -4.272341
55.695574 -4.269891
55.695600 -4.267442
55.695625 -4.264993
55.695650 -4.262543
55.695675 -4.260094
55.695700 -4.257644
55.695726 -4.255195
55.695751 -4.252746
55.695775 -4.250296
55.695800 -4.247847
55.695825 -4.245397
55.695850 -4.242948
55.695875 -4.240498
55.695900 -4.238049
55.695924 -4.235599
55.695949 -4.233150
55.695973 -4.230701
55.695998 -4.228251
55.696022 -4.225802
55.696047 -4.223352
55.696071 -4.220903
55.696096 -4.218453
55.696120 -4.216004
55.696144 -4.213554
55.696168 -4.211105
55.696192 -4.208655
55.696217 -4.206206
55.696241 -4.203756
55.696265 -4.201307
55.696288 -4.198857
55.696312 -4.196408
55.696336 -4.193958
55.696360 -4.191509
55.696384 -4.189059
55.696407 -4.186610
55.696431 -4.184160
55.695933 -4.365463
55.695960 -4.363014
55.695987 -4.360564
55.696014 -4.358115
55.696041 -4.355666
55.696068 -4.353216
55.696095 -4.350767
55.696122 -4.348318
55.696149 -4.345868
55.696176 -4.343419
55.696203 -4.340970
55.696229 -4.338520
55.696256 -4.336071
55.696283 -4.333621
55.696309 -4.331172
55.696336 -4.328723
55.696362 -4.326273
55.696389 -4.323824
55.696415 -4.321375
55.696441 -4.318925
55.696468 -4.316476
55.696494 -4.314026
55.696520 -4.311577
55.696546 -4.309127
55.696572 -4.306678
55.696598 -4.304229
55.696624 -4.301779
55.696650 -4.299330
55.696676 -4.296880
55.696702 -4.294431
55.696728 -4.291981
55.696754 -4.289532
55.696779 -4.287083
55.696805 -4.284633
55.696831 -4.282184
55.696856 -4.279734
55.696882 -4.277285
55.696907 -4.274835
55.696932 -4.272386
55.696958 -4.269936
55.696983 -4.267487
55.697008 -4.265037
55.697034 -4.262588
55.697059 -4.260138
55.697084 -4.257689
55.697109 -4.255239
55.697134 -4.252790
55.697159 -4.250340
55.697184 -4.247891
55.697209 -4.245441
55.697234 -4.242992
55.697258 -4.240542
55.697283 -4.238093
55.697308 -4.235643
55.697332 -4.233194
55.697357 -4.230744
55.697381 -4.228294
55.697406 -4.225845
55.697430 -4.223395
55.697455 -4.220946
55.697479 -4.218496
55.697503 -4.216047
55.697528 -4.213597
55.697552 -4.211148
55.697576 -4.208698
55.697600 -4.206248
55.697624 -4.203799
55.697648 -4.201349
55.697672 -4.198900
55.697696 -4.196450
55.697720 -4.194000
55.697743 -4.191551
55.697767 -4.189101
55.697791 -4.186652
55.697815 -4.184202
55.697316 -4.365511
55.697343 -4.363062
55.697370 -4.360612
55.697397 -4.358163
55.697425 -4.355714
55.697452 -4.353264
55.697479 -4.350815
55.697505 -4.348365
55.697532 -4.345916
55.697559 -4.343466
55.697586 -4.341017
55.697613 -4.338568
55.697639 -4.336118
55.697666 -4.333669
55.697693 -4.331219
55.697719 -4.328770
55.697746 -4.326320
55.697772 -4.323871
55.697798 -4.321421
55.697825 -4.318972
55.697851 -4.316522
55.697877 -4.314073
55.697903 -4.311623
55.697930 -4.309174
55.697956 -4.306724
55.697982 -4.304275
55.698008 -4.301825
55.698034 -4.299376
55.698060 -4.296926
55.698085 -4.294477
55.698111 -4.292027
55.698137 -4.289578
55.698163 -4.287128
55.698188 -4.284678
55.698214 -4.282229
55.698239 -4.279779
55.698265 -4.277330
55.698290 -4.274880
55.698316 -4.272431
55.698341 -4.269981
55.698367 -4.267532
55.698392 -4.265082
55.698417 -4.262632
55.698442 -4.260183
55.698467 -4.257733
55.698492 -4.255284
55.698517 -4.252834
55.698542 -4.250384
55.698567 -4.247935
55.698592 -4.245485
55.698617 -4.243036
55.698642 -4.240586
55.698666 -4.238136
55.698691 -4.235687
55.698716 -4.233237
55.698740 -4.230788
55.698765 -4.228338
55.698789 -4.225888
55.698814 -4.223439
55.698838 -4.220989
55.698862 -4.218539
55.698887 -4.216090
55.698911 -4.213640
55.698935 -4.211190
55.698959 -4.208741
55.698983 -4.206291
55.699007 -4.203841
55.699031 -4.201392
55.699055 -4.198942
55.699079 -4.196492
55.699103 -4.194043
55.699127 -4.191593
55.699151 -4.189143
55.699174 -4.186694
55.699198 -4.184244
55.698699 -4.365560
55.698727 -4.363110
55.698754 -4.360661
55.698781 -4.358211
55.698808 -4.355761
55.698835 -4.353312
55.698862 -4.350862
55.698889 -4.348413
55.698916 -4.345963
55.698943 -4.343514
55.698969 -4.341064
55.698996 -4.338615
55.699023 -4.336165
55.699049 -4.333716
55.699076 -4.331266
55.699102 -4.328817
55.699129 -4.326367
55.699155 -4.323917
55.699182 -4.321468
55.699208 -4.319018
55.699234 -4.316569
55.699261 -4.314119
55.699287 -4.311670
55.699313 -4.309220
55.699339 -4.306770
55.699365 -4.304321
55.699391 -4.301871
55.699417 -4.299422
55.699443 -4.296972
55.699469 -4.294522
55.699495 -4.292073
55.699520 -4.289623
55.699546 -4.287173
55.699572 -4.284724
55.699597 -4.282274
55.699623 -4.279825
55.699648 -4.277375
55.699674 -4.274925
55.699699 -4.272476
55.699725 -4.270026
55.699750 -4.267576
55.699775 -4.265127
55.699800 -4.262677
55.699826 -4.260227
55.699851 -4.257778
55.699876 -4.255328
55.699901 -4.252878
55.699926 -4.250429
55.699951 -4.247979
55.699976 -4.245529
55.700000 -4.243080
55.700025 -4.240630
55.700050 -4.238180
55.700075 -4.235730
55.700099 -4.233281
55.700124 -4.230831
55.700148 -4.228381
55.700173 -4.225932
55.700197 -4.223482
55.700222 -4.221032
55.700246 -4.218582
55.700270 -4.216133
55.700294 -4.213683
55.700319 -4.211233
55.700343 -4.208783
55.700367 -4.206334
55.700391 -4.203884
55.700415 -4.201434
55.700439 -4.198984
55.700463 -4.196535
55.700487 -4.194085
55.700510 -4.191635
55.700534 -4.189185
55.700558 -4.186735
55.700581 -4.184286
55.700083 -4.365608
55.700110 -4.363158
55.700137 -4.360709
55.700164 -4.358259
55.700191 -4.355809
55.700218 -4.353360
55.700245 -4.350910
55.700272 -4.348461
55.700299 -4.346011
55.700326 -4.343561
55.700353 -4.341112
55.700379 -4.338662
55.700406 -4.336212
55.700433 -4.333763
55.700459 -4.331313
55.700486 -4.328864
55.700512 -4.326414
55.700539 -4.323964
55.700565 -4.321515
55.700592 -4.319065
55.700618 -4.316615
55.700644 -4.314166
55.700670 -4.311716
55.700696 -4.309266
55.700722 -4.306817
55.700749 -4.304367
55.700775 -4.301917
55.700800 -4.299467
55.700826 -4.297018
55.700852 -4.294568
55.700878 -4.292118
55.700904 -4.289669
55.700929 -4.287219
55.700955 -4.284769
55.700981 -4.282320
55.701006 -4.279870
55.701032 -4.277420
55.701057 -4.274970
55.701083 -4.272521
55.701108 -4.270071
55.701133 -4.267621
55.701159 -4.265171
55.701184 -4.262722
55.701209 -4.260272
55.701234 -4.257822
55.701259 -4.255372
55.701284 -4.252923
55.701309 -4.250473
55.701334 -4.248023
55.701359 -4.245573
55.701384 -4.243123
55.701409 -4.240674
55.701433 -4.238224
55.701458 -4.235774
55.701483 -4.233324
55.701507 -4.230874
55.701532 -4.228425
55.701556 -4.225975
55.701581 -4.223525
55.701605 -4.221075
55.701629 -4.218625
55.701654 -4.216176
55.701678 -4.213726
55.701702 -4.211276
55.701726 -4.208826
55.701750 -4.206376
55.701774 -4.203926
55.701798 -4.201477
55.701822 -4.199027
55.701846 -4.196577
55.701870 -4.194127
55.701894 -4.191677
55.701918 -4.189227
55.701941 -4.186777
55.701965 -4.184328
55.701466 -4.365656
55.701493 -4.363206
55.701520 -4.360757
55.701548 -4.358307
55.701575 -4.355857
55.701602 -4.353408
55.701629 -4.350958
55.701656 -4.348508
55.701682 -4.346059
55.701709 -4.343609
55.701736 -4.341159
55.701763 -4.338709
55.701789 -4.336260
55.701816 -4.333810
55.701843 -4.331360
55.701869 -4.328910
55.701896 -4.326461
55.701922 -4.324011
55.701949 -4.321561
55.701975 -4.319112
55.702001 -4.316662
55.702027 -4.314212
55.702054 -4.311762
55.702080 -4.309312
55.702106 -4.306863
55.702132 -4.304413
55.702158 -4.301963
55.702184 -4.299513
55.702210 -4.297064
55.702236 -4.294614
55.702261 -4.292164
55.702287 -4.289714
55.702313 -4.287264
55.702339 -4.284815
55.702364 -4.282365
55.702390 -4.279915
55.702415 -4.277465
55.702441 -4.275015
55.702466 -4.272566
55.702491 -4.270116
55.702517 -4.267666
55.702542 -4.265216
55.702567 -4.262766
55.702592 -4.260316
55.702618 -4.257867
55.702643 -4.255417
55.702668 -4.252967
55.702693 -4.250517
55.702718 -4.248067
55.702742 -4.245617
55.702767 -4.243167
55.702792 -4.240717
55.702817 -4.238268
55.702841 -4.235818
55.702866 -4.233368
55.702891 -4.230918
55.702915 -4.228468
55.702940 -4.226018
55.702964 -4.223568
55.702988 -4.221118
55.703013 -4.218668
55.703037 -4.216219
55.703061 -4.213769
55.703086 -4.211319
55.703110 -4.208869
55.703134 -4.206419
55.703158 -4.203969
55.703182 -4.201519
55.703206 -4.199069
55.703230 -4.196619
55.703253 -4.194169
55.703277 -4.191719
55.703301 -4.189269
55.703325 -4.186819
55.703348 -4.184369
55.702849 -4.365704
55.702877 -4.363254
55.702904 -4.360805
55.702931 -4.358355
55.702958 -4.355905
55.702985 -4.353455
55.703012 -4.351006
55.703039 -4.348556
55.703066 -4.346106
55.703093 -4.343656
55.703119 -4.341206
55.703146 -4.338757
55.703173 -4.336307
55.703199 -4.333857
55.703226 -4.331407
55.703253 -4.328957
55.703279 -4.326508
55.703306 -4.324058
55.703332 -4.321608
55.703358 -4.319158
55.703385 -4.316708
55.703411 -4.314258
55.703437 -4.311809
55.703463 -4.309359
55.703489 -4.306909
55.703515 -4.304459
55.703541 -4.302009
55.703567 -4.299559
55.703593 -4.297109
55.703619 -4.294660
55.703645 -4.292210
55.703671 -4.289760
55.703696 -4.287310
55.703722 -4.284860
55.703748 -4.282410
55.703773 -4.279960
55.703799 -4.277510
55.703824 -4.275060
55.703849 -4.272611
55.703875 -4.270161
55.703900 -4.267711
55.703925 -4.265261
55.703951 -4.262811
55.703976 -4.260361
55.704001 -4.257911
55.704026 -4.255461
55.704051 -4.253011
55.704076 -4.250561
55.704101 -4.248111
55.704126 -4.245661
55.704151 -4.243211
55.704175 -4.240761
55.704200 -4.238311
55.704225 -4.235861
55.704249 -4.233411
55.704274 -4.230961
55.704299 -4.228511
55.704323 -4.226061
55.704347 -4.223611
55.704372 -4.221162
55.704396 -4.218712
55.704421 -4.216262
55.704445 -4.213812
55.704469 -4.211362
55.704493 -4.208911
55.704517 -4.206461
55.704541 -4.204011
55.704565 -4.201561
55.704589 -4.199111
55.704613 -4.196661
55.704637 -4.194211
55.704661 -4.191761
55.704684 -4.189311
55.704708 -4.186861
55.704732 -4.184411
55.704233 -4.365753
55.704260 -4.363303
55.704287 -4.360853
55.704314 -4.358403
55.704341 -4.355953
55.704368 -4.353503
55.704395 -4.351053
55.704422 -4.348603
55.704449 -4.346154
55.704476 -4.343704
55.704503 -4.341254
55.704530 -4.338804
55.704556 -4.336354
55.704583 -4.333904
55.704609 -4.331454
55.704636 -4.329004
55.704662 -4.326554
55.704689 -4.324105
55.704715 -4.321655
55.704742 -4.319205
55.704768 -4.316755
55.704794 -4.314305
55.704820 -4.311855
55.704847 -4.309405
55.704873 -4.306955
55.704899 -4.304505
55.704925 -4.302055
55.704951 -4.299605
55.704977 -4.297155
55.705002 -4.294705
55.705028 -4.292255
55.705054 -4.289805
55.705080 -4.287355
55.705105 -4.284905
55.705131 -4.282455
55.705156 -4.280005
55.705182 -4.277555
55.705207 -4.275105
55.705233 -4.272655
55.705258 -4.270205
55.705284 -4.267755
55.705309 -4.265305
55.705334 -4.262855
55.705359 -4.260405
55.705384 -4.257955
55.705409 -4.255505
55.705434 -4.253055
55.705459 -4.250605
55.705484 -4.248155
55.705509 -4.245705
55.705534 -4.243255
55.705559 -4.240805
55.705584 -4.238355
55.705608 -4.235905
55.705633 -4.233455
55.705657 -4.231005
55.705682 -4.228555
55.705706 -4.226105
55.705731 -4.223655
55.705755 -4.221205
55.705780 -4.218755
55.705804 -4.216304
55.705828 -4.213854
55.705852 -4.211404
55.705877 -4.208954
55.705901 -4.206504
55.705925 -4.204054
55.705949 -4.201604
55.705973 -4.199154
55.705997 -4.196704
55.706020 -4.194254
55.706044 -4.191803
55.706068 -4.189353
55.706092 -4.186903
55.706115 -4.184453
55.705616 -4.365801
55.705643 -4.363351
55.705671 -4.360901
55.705698 -4.358451
55.705725 -4.356001
55.705752 -4.353551
55.705779 -4.351101
55.705806 -4.348651
55.705833 -4.346201
55.705859 -4.343751
55.705886 -4.341301
55.705913 -4.338851
55.705940 -4.336401
55.705966 -4.333951
55.705993 -4.331501
55.706019 -4.329051
55.706046 -4.326601
55.706072 -4.324151
55.706099 -4.321701
55.706125 -4.319251
55.706151 -4.316801
55.706178 -4.314351
55.706204 -4.311901
55.706230 -4.309451
55.706256 -4.307001
55.706282 -4.304551
55.706308 -4.302101
55.706334 -4.299651
55.706360 -4.297201
55.706386 -4.294751
55.706412 -4.292301
55.706437 -4.289851
55.706463 -4.287401
55.706489 -4.284951
55.706514 -4.282501
55.706540 -4.280051
55.706565 -4.277601
55.706591 -4.275151
55.706616 -4.272700
55.706642 -4.270250
55.706667 -4.267800
55.706692 -4.265350
55.706717 -4.262900
55.706743 -4.260450
55.706768 -4.258000
55.706793 -4.255550
55.706818 -4.253100
55.706843 -4.250650
55.706868 -4.248199
55.706893 -4.245749
55.706917 -4.243299
55.706942 -4.240849
55.706967 -4.238399
55.706992 -4.235949
55.707016 -4.233499
55.707041 -4.231048
55.707065 -4.228598
55.707090 -4.226148
55.707114 -4.223698
55.707139 -4.221248
55.707163 -4.218798
55.707187 -4.216347
55.707212 -4.213897
55.707236 -4.211447
55.707260 -4.208997
55.707284 -4.206547
55.707308 -4.204097
55.707332 -4.201646
55.707356 -4.199196
55.707380 -4.196746
55.707404 -4.194296
55.707428 -4.191846
55.707451 -4.189395
55.707475 -4.186945
55.707499 -4.184495
55.706999 -4.365849
55.707027 -4.363399
55.707054 -4.360949
55.707081 -4.358499
55.707108 -4.356049
55.707135 -4.353599
55.707162 -4.351149
55.707189 -4.348699
55.707216 -4.346249
55.707243 -4.343799
55.707270 -4.341349
55.707296 -4.338899
55.707323 -4.336449
55.707350 -4.333998
55.707376 -4.331548
55.707403 -4.329098
55.707429 -4.326648
55.707456 -4.324198
55.707482 -4.321748
55.707508 -4.319298
55.707535 -4.316848
55.707561 -4.314398
55.707587 -4.311948
55.707613 -4.309498
55.707639 -4.307047
55.707665 -4.304597
55.707691 -4.302147
55.707717 -4.299697
55.707743 -4.297247
55.707769 -4.294797
55.707795 -4.292347
55.707821 -4.289897
55.707846 -4.287446
55.707872 -4.284996
55.707898 -4.282546
55.707923 -4.280096
55.707949 -4.277646
55.707974 -4.275196
55.708000 -4.272745
55.708025 -4.270295
55.708050 -4.267845
55.708076 -4.265395
55.708101 -4.262945
55.708126 -4.260495
55.708151 -4.258044
55.708176 -4.255594
55.708201 -4.253144
55.708226 -4.250694
55.708251 -4.248244
55.708276 -4.245793
55.708301 -4.243343
55.708326 -4.240893
55.708350 -4.238443
55.708375 -4.235992
55.708400 -4.233542
55.708424 -4.231092
55.708449 -4.228642
55.708473 -4.226191
55.708498 -4.223741
55.708522 -4.221291
55.708547 -4.218841
55.708571 -4.216390
55.708595 -4.213940
55.708619 -4.211490
55.708643 -4.209040
55.708667 -4.206589
55.708692 -4.204139
55.708716 -4.201689
55.708739 -4.199239
55.708763 -4.196788
55.708787 -4.194338
55.708811 -4.191888
55.708835 -4.189437
55.708859 -4.186987
55.708882 -4.184537
55.708383 -4.365897
55.708410 -4.363447
55.708437 -4.360997
55.708464 -4.358547
55.708491 -4.356097
55.708518 -4.353647
55.708545 -4.351197
55.708572 -4.348746
55.708599 -4.346296
55.708626 -4.343846
55.708653 -4.341396
55.708680 -4.338946
55.708706 -4.336496
55.708733 -4.334046
55.708760 -4.331595
55.708786 -4.329145
55.708813 -4.326695
55.708839 -4.324245
55.708865 -4.321795
55.708892 -4.319345
55.708918 -4.316894
55.708944 -4.314444
55.708971 -4.311994
55.708997 -4.309544
55.709023 -4.307094
55.709049 -4.304643
55.709075 -4.302193
55.709101 -4.299743
55.709127 -4.297293
55.709153 -4.294843
55.709178 -4.292392
55.709204 -4.289942
55.709230 -4.287492
55.709256 -4.285042
55.709281 -4.282591
55.709307 -4.280141
55.709332 -4.277691
55.709358 -4.275241
55.709383 -4.272790
55.709408 -4.270340
55.709434 -4.267890
55.709459 -4.265440
55.709484 -4.262989
55.709509 -4.260539
55.709535 -4.258089
55.709560 -4.255638
55.709585 -4.253188
55.709610 -4.250738
55.709635 -4.248288
55.709659 -4.245837
55.709684 -4.243387
55.709709 -4.240937
55.709734 -4.238486
55.709759 -4.236036
55.709783 -4.233586
55.709808 -4.231135
55.709832 -4.228685
55.709857 -4.226235
55.709881 -4.223784
55.709906 -4.221334
55.709930 -4.218884
55.709954 -4.216433
55.709978 -4.213983
55.710003 -4.211533
55.710027 -4.209082
55.710051 -4.206632
55.710075 -4.204182
55.710099 -4.201731
55.710123 -4.199281
55.710147 -4.196831
55.710171 -4.194380
55.710195 -4.191930
55.710218 -4.189479
55.710242 -4.187029
55.710266 -4.184579
55.709766 -4.365946
55.709793 -4.363495
55.709821 -4.361045
55.709848 -4.358595
55.709875 -4.356145
55.709902 -4.353695
55.709929 -4.351244
55.709956 -4.348794
55.709983 -4.346344
55.710009 -4.343894
55.710036 -4.341443
55.710063 -4.338993
55.710090 -4.336543
55.710116 -4.334093
55.710143 -4.331642
55.710169 -4.329192
55.710196 -4.326742
55.710222 -4.324292
55.710249 -4.321841
55.710275 -4.319391
55.710301 -4.316941
55.710328 -4.314491
55.710354 -4.312040
55.710380 -4.309590
55.710406 -4.307140
55.710432 -4.304690
55.710458 -4.302239
55.710484 -4.299789
55.710510 -4.297339
55.710536 -4.294888
55.710562 -4.292438
55.710588 -4.289988
55.710613 -4.287537
55.710639 -4.285087
55.710665 -4.282637
55.710690 -4.280186
55.710716 -4.277736
55.710741 -4.275286
55.710767 -4.272835
55.710792 -4.270385
55.710817 -4.267935
55.710842 -4.265484
55.710868 -4.263034
55.710893 -4.260584
55.710918 -4.258133
55.710943 -4.255683
55.710968 -4.253232
55.710993 -4.250782
55.711018 -4.248332
55.711043 -4.245881
55.711068 -4.243431
55.711093 -4.240981
55.711117 -4.238530
55.711142 -4.236080
55.711167 -4.233629
55.711191 -4.231179
55.711216 -4.228729
55.711240 -4.226278
55.711265 -4.223828
55.711289 -4.221377
55.711313 -4.218927
55.711338 -4.216476
55.711362 -4.214026
55.711386 -4.211576
55.711410 -4.209125
55.711434 -4.206675
55.711458 -4.204224
55.711482 -4.201774
55.711506 -4.199323
55.711530 -4.196873
55.711554 -4.194422
55.711578 -4.191972
55.711602 -4.189521
55.711625 -4.187071
55.711649 -4.184620
55.711150 -4.365994
55.711177 -4.363544
55.711204 -4.361093
55.711231 -4.358643
55.711258 -4.356193
55.711285 -4.353742
55.711312 -4.351292
55.711339 -4.348842
55.711366 -4.346391
55.711393 -4.343941
55.711420 -4.341491
55.711446 -4.339041
55.711473 -4.336590
55.711500 -4.334140
55.711526 -4.331690
55.711553 -4.329239
55.711579 -4.326789
55.711606 -4.324339
55.711632 -4.321888
55.711659 -4.319438
55.711685 -4.316987
55.711711 -4.314537
55.711737 -4.312087
55.711763 -4.309636
55.711790 -4.307186
55.711816 -4.304736
55.711842 -4.302285
55.711868 -4.299835
55.711894 -4.297384
55.711919 -4.294934
55.711945 -4.292484
55.711971 -4.290033
55.711997 -4.287583
55.712022 -4.285132
55.712048 -4.282682
55.712074 -4.280232
55.712099 -4.277781
55.712124 -4.275331
55.712150 -4.272880
55.712175 -4.270430
55.712201 -4.267979
55.712226 -4.265529
55.712251 -4.263079
55.712276 -4.260628
55.712301 -4.258178
55.712326 -4.255727
55.712352 -4.253277
55.712377 -4.250826
55.712401 -4.248376
55.712426 -4.245925
55.712451 -4.243475
55.712476 -4.241024
55.712501 -4.238574
55.712525 -4.236123
55.712550 -4.233673
55.712575 -4.231222
55.712599 -4.228772
55.712624 -4.226321
55.712648 -4.223871
55.712672 -4.221420
55.712697 -4.218970
55.712721 -4.216519
55.712745 -4.214069
55.712770 -4.211618
55.712794 -4.209168
55.712818 -4.206717
55.712842 -4.204267
55.712866 -4.201816
55.712890 -4.199366
55.712914 -4.196915
55.712938 -4.194465
55.712961 -4.192014
55.712985 -4.189563
55.713009 -4.187113
55.713033 -4.184662
